282,315,60
21,372,391
11,88,1459
288,5,11
2786,4624,1809
644,1803,4851
3222,203,1982
523,9,12
1961,3643,312
266,550,7
9,13,183
3,5,10
591,7,569
10,1682,395
15,1688,333
14,26,93
3276,4088,10
19,6,7
329,1432,3278
7,9,17
21,324,178
20,325,3981
187,47,267
24,1666,85
23,31,4248
46,723,44
27,31,42
26,29,1728
39,27,234
66,4753,26
29,193,3169
32,26,195
31,2462,26
819,1738,3962
35,44,919
34,346,902
930,37,39
8,36,966
40,65,111
28,40,41
41,39,38
40,39,1725
26,183,1119
42,21,36
46,34,25
46,39,36
45,25,44
22,29,68
1198,47,1196
57,68,420
63,49,76
3,288,356
2699,892,148
54,55,26
53,20,28
1645,4072,53
3879,61,72
49,4203,68
273,12,42
1164,66,29
1810,3418,212
332,2006,4223
63,64,3107
62,50,679
62,4,63
1811,1812,5054
5317,29,59
208,3139,4152
47,4219,46
87,85,89
196,3291,51
85,98,335
73,176,1552
72,176,1552
66,1492,5317
101,1234,1337
96,83,88
26,93,231
3269,4737,63
2644,244,72
89,1517,2665
3036,1388,3037
81,84,1352
76,85,88
3052,916,3534
71,83,69
1306,77,1241
69,10,85
76,83,287
80,69,85
91,98,1209
90,98,1209
90,94,91
15,26,94
5248,92,93
96,76,93
97,76,95
96,78,94
100,90,71
1385,100,180
98,96,83
151,306,75
4324,2951,271
137,273,1316
263,341,3480
109,112,1818
1557,107,291
3524,3988,61
2380,214,302
105,111,1912
1947,106,1358
38,109,1561
105,2014,3905
276,1536,2734
107,113,115
1996,4673,112
2062,117,403
116,121,280
647,3421,3904
120,121,126
119,121,179
337,15,26
62,124,2153
3792,2453,1733
2428,2893,62
118,1563,2129
119,121,125
1270,57,118
3715,99,127
261,1635,2507
1180,278,2007
2256,4971,179
181,133,134
132,134,1370
132,133,4435
988,3963,40
1139,4559,18
2078,157,262
2446,3471,225
2623,478,1895
4215,141,225
140,160,4479
194,1082,38
164,354,838
841,145,146
146,2802,5188
145,2831,144
155,2415,152
892,747,316
151,165,1337
153,240,4025
101,2842,149
154,1874,1956
150,151,39
152,155,147
154,147,152
3102,5216,10
158,852,221
157,182,2853
157,158,288
859,2866,9
225,231,286
3936,12,131
152,154,147
1898,113,143
166,149,2417
165,330,2439
4967,3623,4968
327,3124,2733
5016,210,151
141,649,2419
361,140,223
113,173,713
1206,184,187
1,1598,2944
177,176,217
177,72,902
175,176,72
20,310,382
2992,120,283
5232,2787,99
132,2378,5002
158,183,126
3111,42,9
4222,239,1723
186,184,1615
4423,185,1745
22,47,267
189,190,227
188,228,190
191,188,192
190,192,188
191,190,1833
30,65,194
65,220,342
31,2461,26
391,2220,2713
664,68,75
199,662,1210
1210,198,2916
4865,204,665
2385,198,199
1794,8,3241
208,6,271
200,665,2225
5184,5186,255
1286,3804,221
667,201,218
67,203,2922
1643,5154,217
546,597,3105
199,224,5070
339,3438,5324
2580,120,323
3459,278,2590
5180,168,327
195,217,1658
719,215,216
2925,196,212
3209,189,207
194,219,207
157,3215,206
3233,858,4956
361,219,171
3247,76,210
3456,1292,2437
1293,935,231
228,8,188
189,488,1544
232,233,250
234,225,231
3453,226,5079
229,233,250
232,229,1386
240,28,230
4601,120,179
247,3328,78
238,160,229
237,240,239
184,243,4222
150,234,241
240,242,99
2443,954,3839
239,4796,184
3634,1387,245
226,244,3325
250,102,229
249,252,236
4065,250,251
247,252,103
251,246,229
250,2454,3828
247,249,236
3422,4603,102
60,212,275
18,269,276
2928,2929,4282
258,31,50
257,50,94
127,131,269
267,261,118
337,129,121
4150,100,267
104,281,341
265,1838,2239
264,269,696
9,2188,4179
4181,22,47
3338,3914,4698
259,265,274
1531,2243,280
102,272,4153
271,63,262
58,5333,103
3153,542,695
697,3456,60
422,113,3873
3460,278,3461
3459,214,277
463,1160,3301
281,2940,262
280,1833,4227
285,289,2077
1304,26,179
738,1193,1652
701,1215,2725
4350,287,308
4381,76,88
3,4402,4283
2942,4873,282
4464,4361,4666
2535,4093,4817
2537,83,287
302,306,1841
89,297,299
296,4077,308
295,4077,3468
299,1322,15
3671,29,297
297,15,291
3469,303,1311
261,300,305
306,4425,4678
280,297,298
305,4086,310
304,4087,303
307,302,101
306,828,309
311,2625,4108
1042,307,332
2554,304,178
308,3947,3475
8,313,314
314,18,58
347,313,312
60,212,254
50,76,148
2284,4589,76
65,4692,61
320,329,321
319,329,321
678,116,319
4900,1049,27
179,283,325
325,20,2905
324,21,323
2568,4111,107
168,2733,331
4691,343,65
18,319,320
329,166,1327
5098,1063,1434
61,2046,2659
3264,14,90
335,4728,344
334,71,85
1554,72,334
261,121,4299
1408,4766,80
212,2386,183
4198,3159,102
104,345,3480
65,194,343
342,64,328
342,65,68
346,341,263
345,307,2503
314,1548,343
332,718,61
4,108,255
116,356,357
99,180,5225
4121,94,14
473,5252,3398
93,95,297
3163,5233,2613
5299,51,160
5315,69,85
360,5318,173
360,5326,364
358,359,474
4826,5344,171
118,365,3404
688,1858,2222
371,359,1476
118,362,5
262,414,1753
424,376,218
49,65,194
496,394,404
266,2188,3612
364,497,359
383,369,389
421,422,2576
384,391,378
392,582,607
402,1227,2236
72,84,85
393,374,389
392,2879,2717
417,5315,357
562,401,409
2115,3429,178
372,126,157
374,385,391
384,454,483
388,615,5322
388,484,2065
386,387,385
391,393,394
382,392,21
564,196,374
375,379,2914
378,389,391
501,369,389
13,397,370
2921,199,400
395,1011,386
401,404,405
400,3538,260
408,396,401
381,398,404
3920,2723,376
116,561,2930
369,394,398
389,398,401
407,408,3870
406,408,400
694,400,406
381,401,700
416,5339,385
3489,4649,337
413,414,380
412,414,372
412,413,366
502,560,299
410,415,295
380,419,433
419,711,2247
418,420,417
419,576,423
596,3131,373
276,471,494
547,716,590
367,374,378
438,439,444
568,460,1525
428,429,433
389,427,429
430,398,427
429,523,7
2267,2760,451
574,433,468
432,417,427
435,719,1822
432,433,1302
717,47,409
5367,442,904
461,374,425
440,441,425
439,441,452
429,439,440
437,474,540
442,1970,4385
378,425,438
450,465,4003
431,445,451
448,2213,384
447,474,567
448,429,431
445,451,461
588,431,450
4026,453,440
4027,452,4115
455,385,459
454,617,3941
158,451,458
437,442,448
516,456,1874
433,454,468
426,619,563
507,391,438
575,2090,5166
4786,279,464
463,440,462
445,1311,4010
467,3732,4283
466,475,630
432,433,459
433,459,468
5085,733,1325
494,634,2782
471,3204,4335
353,1602,2090
360,401,429
466,467,1573
450,456,461
432,503,524
1550,2787,5
487,2100,488
1201,3977,806
486,489,132
378,444,481
385,454,614
3027,387,586
486,389,481
509,391,461
2100,479,2161
228,1544,2101
481,486,430
491,419,489
490,470,489
807,1396,1404
812,2690,4439
471,634,2829
401,406,407
369,501,510
371,7,498
497,371,496
500,504,374
499,504,1923
394,496,502
415,501,560
432,524,2726
499,500,173
571,2755,427
507,577,438
461,506,509
2778,5187,468
486,507,450
496,850,1938
512,513,1939
511,513,526
511,535,596
513,543,508
267,517,522
458,552,598
521,862,2128
431,520,1585
4466,4986,5157
1947,339,501
517,520,522
602,629,1949
7,430,1135
432,503,525
524,417,433
557,512,1600
554,879,3305
384,529,531
459,525,528
900,5024,17
550,391,461
531,540,3215
531,532,544
595,535,537
513,543,596
524,537,432
536,538,525
537,545,5032
3342,400,540
401,532,541
405,540,625
4544,274,598
535,514,548
2863,3101,5039
538,419,546
597,3105,3360
423,590,548
535,543,547
3363,532,550
9,531,2000
5305,519,550
516,554,598
554,5047,5308
553,527,552
3405,611,431
552,557,2005
526,424,552
536,537,538
562,567,2148
3895,415,502
1482,2154,3908
381,559,567
418,426,460
565,391,2157
564,391,563
2164,574,639
559,562,2167
426,575,3701
571,577,591
575,568,569
505,569,568
569,570,571
574,592,432
432,570,433
570,576,568
575,420,568
506,569,3982
2017,577,594
581,5097,582
589,3748,5099
582,579,3749
581,2024,4139
2178,452,440
436,574,583
2028,4142,2018
484,611,3022
2180,4145,5102
451,4146,431
580,4151,601
423,547,2830
12,569,4155
573,524,560
3771,597,2007
532,578,600
534,596,510
513,535,595
546,210,3105
599,516,552
598,1167,1501
267,515,594
1171,262,579
522,629,1172
4198,590,1168
620,2377,3502
560,415,607
374,438,481
375,605,608
605,607,615
378,444,482
611,384,481
555,610,722
613,614,610
612,614,610
617,385,454
386,616,388
615,386,890
455,614,615
1511,2658,2881
460,2883,3846
604,665,2225
407,539,625
569,571,624
622,1281,45
622,4765,5310
405,541,627
432,468,503
625,631,637
629,631,606
522,602,628
467,298,413
627,628,629
417,469,606
546,634,342
471,494,3137
422,634,471
3138,548,634
627,631,424
424,557,637
566,3465,936
1136,660,671
2073,693,379
643,683,413
642,3,644
5,1803,4851
647,648,674
113,656,687
118,645,648
381,645,647
141,653,819
809,46,792
120,836,1202
385,653,725
652,3431,644
1855,88,157
656,662,939
655,713,748
671,1208,2712
749,929,678
657,1830,936
4244,389,640
4245,662,665
663,754,972
662,978,980
2476,3898,1024
2225,200,204
2228,565,665
207,668,683
662,663,665
2718,3204,213
661,1834,4245
657,674,756
644,677,5225
762,822,4
645,647,648
2933,676,685
675,678,1161
672,680,705
321,738,1044
63,680,3158
677,679,1180
684,686,697
664,714,1029
698,642,667
681,686,697
1093,2931,271
699,4249,401
694,765,400
2149,2165,3495
66,2241,686
683,695,761
687,692,651
674,686,687
2936,268,272
408,687,702
274,683,690
2938,695,779
764,275,681
683,718,61
686,720,1194
717,721,766
823,1141,285
694,408,663
830,297,299
870,697,700
716,677,423
707,661,2922
706,1813,1852
697,704,767
189,661,716
705,709,716
418,2247,2949
713,126,201
2730,5338,757
2731,656,713
3480,3483,1696
423,705,547
832,700,3487
719,61,332
718,1187,217
699,645,647
700,766,1534
846,1872,611
724,25,1274
723,822,762
454,652,1873
887,725,836
913,1583,4299
735,2102,4308
1016,2095,5257
4254,4049,4910
732,733,734
731,734,1656
734,1066,1289
733,735,5248
734,1661,5248
102,1144,3937
2240,739,740
1193,284,739
740,738,742
739,738,742
3459,2403,214
3975,4917,4921
744,789,745
743,2212,745
743,744,763
652,653,743
148,753,892
757,765,2218
658,750,641
749,658,718
753,754,1639
193,662,663
751,761,1734
662,751,753
795,743,744
768,671,767
765,713,748
765,760,757
760,758,281
758,759,765
753,765,647
822,764,821
764,2239,761
697,763,767
757,758,687
700,721,3556
764,769,708
756,769,2265
767,768,781
771,772,746
770,4362,687
721,766,770
784,782,768
775,1154,1160
776,778,781
775,728,762
772,4255,1010
775,3531,762
696,771,837
781,29,689
769,780,775
773,1151,768
1152,784,788
773,4953,3044
787,4368,610
785,2803,511
785,2310,4977
748,754,783
743,790,791
789,743,784
756,789,796
650,809,795
751,794,795
883,793,795
755,766,772
756,791,1087
778,533,659
799,800,2326
800,798,2022
799,798,745
1581,793,847
865,1114,778
804,681,836
803,686,692
986,1367,1910
3042,809,811
492,811,809
809,806,807
650,808,792
992,1357,2496
807,806,5285
493,814,2690
812,2689,1054
812,3596,1384
816,818,879
818,817,815
816,954,2443
816,1162,815
33,1738,3962
824,671,756
822,829,762
762,821,724
701,824,825
820,823,825
823,824,2117
827,829,825
826,829,828
3863,307,2403
821,826,827
703,843,825
421,514,825
717,515,700
820,834,1930
820,833,2743
836,2756,428
835,3248,726
779,838,1632
837,143,505
2784,771,836
850,2794,496
144,727,730
784,840,845
5151,844,830
843,845,203
2806,844,819
1936,722,841
846,1159,801
791,820,2819
850,505,510
510,840,849
850,853,872
157,853,895
854,852,2862
853,852,1108
856,857,865
857,855,852
856,855,858
3233,222,846
860,160,2866
859,160,512
862,845,859
517,861,1178
522,631,717
1120,3605,1198
711,802,855
1114,426,701
871,879,1082
894,988,890
1128,686,699
524,704,871
870,525,708
903,997,1045
850,1081,1450
883,904,1088
991,3298,892
974,1065,3670
2511,943,727
974,1065,964
527,867,880
789,879,1095
973,982,882
994,2460,881
794,648,874
1116,4264,528
1569,723,910
888,832,869
726,1457,836
892,886,2754
3965,892,1008
891,1009,868
890,1015,889
888,148,889
892,881,886
868,890,916
896,852,897
895,897,1093
895,1544,852
887,897,884
4521,5304,986
530,904,5024
928,871,900
941,954,924
872,946,997
874,883,900
904,956,4038
1000,907,1001
931,906,938
1107,917,1545
912,913,920
885,914,923
914,912,913
909,913,3966
912,911,727
911,915,910
914,911,1093
937,84,894
913,927,901
917,927,876
926,917,959
909,912,913
911,923,922
921,923,957
924,926,952
923,954,902
926,923,909
919,925,923
969,970,917
901,930,933
934,937,658
36,909,928
938,907,932
1084,931,945
928,930,936
929,937,966
226,943,949
965,928,930
916,929,960
931,946,907
942,946,951
941,942,952
902,940,944
950,969,943
949,942,957
945,960,941
944,932,1084
966,903,933
948,929,954
947,949,955
955,943,2442
942,951,969
950,939,946
953,954,923
952,954,923
2443,924,242
949,935,913
930,946,951
943,3325,949
959,966,933
958,3328,960
944,941,937
957,909,912
943,949,963
964,962,929
963,962,878
936,966,1006
967,946,958
966,958,959
956,970,659
970,927,942
969,927,942
933,1105,1127
662,973,977
881,974,983
973,982,1065
976,910,940
975,941,1020
980,1049,972
980,663,972
978,974,980
977,978,1076
984,1075,916
881,974,973
973,2464,881
981,1003,894
973,975,942
978,987,1049
3217,994,1016
1079,868,1009
990,1008,1039
989,4309,1007
978,980,993
994,2496,1018
1006,991,1002
882,992,995
994,1054,996
995,994,1148
1056,1080,872
1000,991,997
1078,889,989
998,906,991
995,877,906
982,993,997
984,981,1075
1005,809,975
1004,976,1035
965,993,689
1009,1042,1071
889,977,980
890,1071,1079
1011,991,970
1010,1052,397
882,1018,1069
1014,1012,1016
1030,1013,1016
1021,891,945
729,987,993
1051,1032,913
1019,992,1012
1018,1011,1017
1021,1073,3273
1020,1015,1084
1024,995,1023
1024,1025,1022
1023,1025,1022
1020,1024,976
982,1017,1039
1033,995,1017
1039,1041,1029
664,952,1024
1014,1057,4820
1012,1036,1037
1040,1017,1043
1027,1034,1054
2546,1035,1033
2547,1034,1038
1044,1020,1032
1058,2548,3278
2549,3279,1020
989,1017,1026
1032,1027,1039
1002,1028,1039
309,1007,1020
1058,1032,1062
1036,1045,2002
1044,872,997
1047,1029,1044
1046,1049,1048
4899,1047,1061
977,1051,1052
1051,912,1017
1017,1050,1052
1051,1053,1011
1051,1052,1049
995,1051,1033
1056,1057,1054
1055,997,1080
1030,1055,1056
1043,1062,1059
1058,1060,1043
1059,988,1038
1058,1062,1036
1058,1043,1052
1064,331,1034
1035,1063,1060
974,1063,876
733,1001,1058
1068,1075,915
1067,1061,1065
1070,992,1012
1069,1054,1071
1072,1009,1075
1071,1009,1069
1020,1075,941
1075,987,1070
1073,981,1071
980,977,978
1076,991,1133
999,1080,989
988,1009,1071
997,1056,1078
534,873,1082
867,879,1081
1084,3320,940
932,1083,1021
1086,4741,1046
1085,4741,1046
796,1088,1090
4265,674,874
939,991,1088
1087,1088,1111
5199,585,1222
684,884,1094
685,896,915
4266,540,686
4267,541,880
1120,539,687
960,3321,941
889,1008,1106
809,1083,1098
1102,1103,1101
1102,1103,1100
1101,1103,1100
1102,1101,1100
694,1022,1105
971,1104,542
1098,13,695
908,917,3099
870,704,871
3103,705,956
1041,3682,1198
1090,1108,1109
1127,2355,3677
548,636,920
866,1115,5041
1114,4178,5042
884,3110,5455
1118,881,549
1117,1120,1128
1124,1129,3111
1621,864,991
1049,1058,1061
1124,1119,1120
1065,1122,3380
1122,1119,1120
946,951,956
920,1113,1125
1622,971,1112
869,1192,1118
1119,1124,1128
1052,1120,1122
3383,1061,1120
2366,880,1003
2367,2871,3386
1165,552,1087
5046,1996,359
640,2147,1137
3894,5053,369
644,665,1140
1479,136,645
751,753,1138
701,823,1172
1138,652,833
834,1136,1137
4273,1491,736
1146,1147,576
1145,1147,4018
1145,1146,1863
996,32,733
3711,1551,775
687,4274,577
4275,782,1165
560,783,3895
3752,1171,262
1160,3355,685
5104,239,590
1157,1159,1164
1156,1171,262
1075,718,1159
1160,847,1156
1154,1159,1161
1162,1159,1160
1161,818,1159
796,1087,1165
59,2187,689
1166,1167,598
1165,1167,591
599,1165,1166
3893,1154,1160
4191,1138,1171
655,862,1142
601,262,717
602,1141,1173
1172,4200,5118
1505,2040,5120
603,675,706
1178,1185,5122
748,1240,2880
862,1176,1185
5151,62,843
4278,680,2061
979,667,722
671,1087,1178
7,523,2673
1185,1188,1129
1192,1194,686
3760,4789,343
2052,719,1506
1184,1185,2387
1190,3287,1098
1189,1098,5037
808,1187,2388
1128,1185,1194
738,678,1044
699,1185,1192
1842,3879,332
1198,1197,48
1198,1196,1061
1197,1196,48
632,708,1178
559,1601,2573
480,3977,806
519,651,2313
1204,1227,1819
1203,1820,1819
1207,1208,1221
173,2072,2423
1205,1208,1220
657,1205,1207
90,662,663
199,2916,198
1210,2093,199
401,686,1213
404,1212,2934
1515,1226,1521
285,701,1409
1218,1233,1483
22,190,409
1212,1216,1848
2736,4462,1210
1207,1473,2741
424,1205,1505
1277,1935,2800
3474,2967,63
3861,5,184
1490,1228,1229
2259,1249,1214
3934,376,1203
1225,1229,1231
2401,1225,1228
1229,1232,1258
428,1225,1228
429,1225,1228
1301,575,1234
1337,1218,1233
1234,1233,1301
1242,1248,1225
1271,1236,1221
1241,1239,1306
3953,1245,3520
4039,4322,1177
1306,1238,3954
1236,1239,1249
1284,102,203
3708,1245,1446
1239,1244,1242
1315,1450,1507
1323,1352,1514
1236,1249,1250
1226,1239,1242
1452,1316,1319
2468,721,1145
1275,1337,1555
1254,3979,1338
1253,1261,1297
1225,1256,1257
1255,1257,1258
1255,1256,1258
441,1232,1255
1261,1238,1241
1261,1262,1265
1259,1331,1260
1295,1260,1304
1559,3785,1260
1266,1261,1297
3986,1266,1249
1264,1265,1908
1323,1266,1308
1291,1237,1271
2090,1274,1319
127,4005,1251
1237,4021,455
1273,1275,1586
1272,1234,1285
2789,723,1269
1252,1512,1272
4029,5268,4820
1222,1564,1935
1279,1303,1498
1278,1303,1442
1225,1231,1262
1282,1237,1250
1281,1250,1247
1250,1269,3513
1289,1243,102
1341,1234,1273
206,3804,549
4316,4908,1285
2405,1658,2566
1284,2993,733
4262,2404,2405
1268,1237,1271
225,1232,1294
226,935,4058
1292,1863,3475
1262,1304,1241
2474,1305,1295
1264,1254,1261
3328,1238,1264
1492,1784,2451
1303,1239,1497
1233,1302,1318
435,1301,1518
1300,1497,1239
1306,283,1241
1296,1304,1306
1241,1304,1238
3726,1313,4742
3727,1326,1244
1322,1306,1310
4080,3731,1239
4084,300,465
1252,1266,1272
1307,1314,1385
1310,1320,1321
1246,1516,1287
1250,2624,4088
4050,1318,1232
1233,1301,1317
1269,1274,1083
1321,1314,1340
1320,1314,1420
1309,297,1306
1429,1267,1326
1325,4921,4922
1324,470,1309
1327,2549,3279
1326,1332,330
319,426,1233
1330,4109,1229
1329,4110,738
1261,1333,1238
1327,4094,78
1331,1381,1332
1250,1269,165
1332,5165,1226
1662,1257,1339
1252,1275,1234
1340,1337,4329
1715,1284,1329
1338,4124,1320
1285,1337,1234
1886,3193,4339
1395,1407,1418
1406,1350,3579
1229,1284,1347
1378,889,1230
1345,189,488
3449,1388,3026
179,182,1207
3344,1204,1212
1352,1452,1250
2477,2808,2979
3053,4653,1888
1355,1373,1439
1354,1383,1364
1358,1374,2495
1358,2496,992
2479,1357,1359
1357,1358,1269
1361,1264,1358
1360,1813,1264
1407,1002,1356
482,1354,1370
1408,1355,1378
3355,675,1243
2411,4413,5267
805,1376,4217
841,1277,1364
1420,1273,3041
133,1205,1354
1441,1379,1446
1430,1907,1371
1354,1439,1905
2524,396,1210
1496,1354,1363
1377,1347,1367
1376,345,1484
1380,1381,1346
1381,3524,107
1382,1378,1381
1382,1379,1333
1381,1380,1333
1384,1355,1378
1383,4962,1380
99,1513,2787
233,1388,1387
244,1386,1394
1386,1348,1385
1388,1433,719
1409,1438,1391
1392,1393,1421
1391,1400,1396
1397,761,1391
1249,1387,1395
1418,1398,853
1398,42,492
1398,1127,1393
1397,1128,1393
1400,1133,1388
1399,1392,3971
1306,1378,1392
1392,1401,1406
302,1154,1312
1408,1412,1398
1414,1418,1440
1415,1432,1437
1408,1398,1430
1407,1364,1404
1215,1390,1914
1395,1407,1415
1416,1391,1405
1404,1407,1433
539,1388,1399
1405,1418,1440
1406,1416,1911
1415,1411,1417
1418,1416,3813
1395,1414,1417
960,3669,3725
1321,1369,1418
1391,3999,1392
1408,1396,1401
1420,1394,1434
1385,1399,1418
1426,1428,2541
1425,1428,1432
4677,1428,1435
1425,1426,1432
1323,1326,1428
1794,1372,1407
1426,1436,2322
1435,18,1406
3056,4710,66
331,1063,1435
1432,1428,4105
1431,1437,3074
1425,310,1406
3595,5426,1328
1497,1354,1373
1414,5185,96
1371,1446,5256
1440,354,1309
1445,1444,1242
1443,1368,1445
1443,1265,1338
1441,1244,5288
1440,1406,1413
1350,1384,1224
1455,1470,1450
873,1246,1507
65,1452,1466
1250,1351,1451
3089,1454,261
1453,1584,5305
1363,1449,1470
1509,3648,4166
887,726,1456
1330,1482,2902
904,1469,1472
1485,4168,281
1462,3712,3797
3214,1461,1463
1462,1218,1234
3083,1077,2337
535,1466,1468
1465,3654,1451
1466,1476,1281
1465,1981,3221
1459,1472,1477
1449,1455,2358
1119,1129,1235
1439,1459,1469
1501,1220,2146
1476,5202,1032
1044,1113,1451
364,1135,1996
1478,1459,1469
1477,1459,1469
1139,1493,1228
1486,1502,3903
1480,1482,5313
561,2154,3908
1484,1205,1207
1485,1483,4168
1484,1571,3606
1480,3927,1488
320,369,1137
1230,1486,1498
1482,5063,431
569,1225,1491
1144,1490,4273
3734,74,1299
1479,4976,1139
4977,483,787
1504,1515,4395
1375,1499,2183
1303,1498,1439
1497,4154,1278
1163,1496,1501
3362,4178,4968
599,1167,1473
1480,1503,4192
1502,1483,1491
1495,5117,1502
1174,1221,2040
1187,2052,719
1246,1450,1516
1178,1354,1522
614,1456,2043
1511,3251,4985
618,1208,1510
1275,952,1252
1385,1313,3663
1556,1866,1352
1214,588,1495
1315,1507,1517
1516,2665,3135
1302,1384,344
359,360,1212
4832,5370,1521
4587,5412,722
1354,1508,1800
1524,3862,1484
3154,1288,1463
426,3496,3930
1210,1230,3933
1618,2754,4865
429,1232,1530
3167,5471,402
2758,405,1528
270,2241,2243
2263,4282,5331
75,215,278
721,1677,2761
432,1860,2762
2946,1537,3605
1536,1845,2718
1534,1535,5172
433,1535,1861
1235,2289,3502
1576,4261,26
49,194,796
1570,832,848
228,488,897
1547,1546,1548
1545,1547,774
1545,1546,1548
1545,1544,1547
2273,5356,3618
478,1618,1752
1606,1755,1149
72,3551,1553
1552,1551,1554
1553,336,2321
1252,1556,101
1514,1671,3980
106,3523,3987
4094,78,107
1263,1560,3785
1559,4764,1263
111,1557,1685
1563,1549,1634
125,1562,2129
1566,2275,5365
2276,1642,4407
1564,1893,2275
3183,1862,2763
4013,1575,1678
1700,885,1274
2720,1543,832
3606,826,1485
1874,5473,152
1574,2086,2328
1573,3343,837
4303,1568,1678
1577,1581,1580
1578,1576,1579
1577,1579,1576
1578,1576,1577
1581,4304,1576
1576,1580,1578
1585,4023,1583
727,1582,1588
1583,1454,728
1582,4891,1583
1272,1587,149
1586,2092,1672
1583,839,1702
3178,2563,1550
2419,843,1462
1273,1735,3644
1583,1947,2020
1534,1570,721
4537,1712,224
1649,2901,350
404,2934,4036
566,1596,1598
1538,1596,1600
1600,2986,438
526,1599,3209
559,1604,1659
3002,1603,1632
1602,1767,119
3019,1312,1601
1714,3532,3797
1551,1755,3308
3106,1552,1679
1791,4788,1602
1610,414,639
1609,1611,1766
1772,292,1656
2440,1577,1160
1614,1615,1617
1615,1613,1616
1614,1613,1616
5173,1614,1615
1613,1606,2445
5,644,1527
1620,853,1395
1619,1648,1783
1120,42,206
1127,1397,46
1619,1662,480
461,2775,2992
2092,193,1230
1904,2258,2751
2962,5415,1572
1659,2554,310
1648,1645,5248
1632,1640,1661
1602,1603,1632
837,1602,1630
4012,1967,442
1641,1636,1664
2915,4058,129
1637,2099,1626
1636,1638,1621
1637,446,1636
1659,751,1628
207,1627,1630
1634,2722,761
1565,2029,2276
209,2093,2124
1115,3623,4178
55,1629,1648
4135,256,460
4166,4722,1456
1629,2555,1645
1289,1329,1595
471,1567,1656
1652,1747,1771
1653,284,738
1652,1663,1768
1655,1609,4847
1654,281,1571
1645,1657,5248
1656,1658,5010
2405,1288,1657
1628,1639,2412
1651,2582,2587
735,734,1632
1336,1619,1618
2144,1653,301
1634,99,1622
1630,1640,1661
23,1545,1713
1776,1245,1413
4065,1525,3660
1670,1673,5213
3866,3864,1669
1556,1672,4008
1671,1587,1553
1669,3885,3888
4073,1675,4373
1674,4073,3743
1677,1795,3319
1534,1570,2170
1568,1575,3523
1607,5256,1779
1643,2141,3803
4919,2348,3043
13,1173,1678
1316,1684,1692
674,1692,4243
1561,1781,4091
4570,4572,4571
1538,4242,4659
14,1754,3007
3685,1148,733
1691,8,312
1690,2540,3455
4648,1694,2299
4297,4663,4665
1692,2589,5151
1792,2580,2586
2971,104,341
1699,1700,68
1236,2599,499
1697,1700,1683
1569,1697,1699
1702,1706,1800
1704,4336,1701
3318,2760,1711
1702,1714,3744
733,735,1289
1707,1885,2784
1706,5259,1632
1709,1710,219
1708,1707,1710
1708,1707,1709
222,1703,1710
224,1594,1710
4082,1714,1754
1713,4083,1605
1339,350,815
1341,1718,794
4127,4089,4527
4129,2615,4090
1796,1759,60
1569,1604,1700
1719,1722,1723
1723,1829,1636
184,1722,4222
1726,1728,1732
41,4298,2469
1762,1724,1728
1736,1768,727
1731,27,1724
1730,3955,1761
1729,3335,3955
1728,1746,1748
1784,29,1724
1740,1766,1789
753,751,761
1743,812,1591
4073,727,1583
1735,5465,1736
33,819,1773
1742,1776,2464
1733,1780,2465
1729,1758,1779
1739,1743,47
1744,1735,1742
1743,1332,1558
186,4423,1613
1731,1728,1748
1771,1735,1742
1770,1731,1309
1535,1719,1742
2513,1751,1775
1750,1761,176
4925,1550,1735
1755,4085,366
4086,1425,1688
1753,1551,1606
1571,1607,1793
1763,1787,1765
1779,1788,1774
1770,4093,291
1761,1774,1352
1760,1552,1729
1726,1759,1763
1757,1787,1765
1761,1766,94
1766,1763,1782
1789,1733,1765
1768,1769,1603
1769,4895,1767
1768,1767,1792
1748,1759,1781
1747,97,1765
1611,1778,292
1738,1777,3599
1758,1760,3604
1777,2444,1750
1778,1739,1777
1775,1773,1776
1776,1772,1777
1758,1780,1785
1740,1766,1779
1770,1777,1778
1783,1765,1776
1782,1620,1780
1299,1732,2451
2452,4064,1758
1645,1670,1733
1763,1790,323
1758,1789,4909
1766,1733,1788
1787,1793,1704
2577,1788,1608
1695,2580,1787
1790,1796,1428
1430,202,312
1796,1792,1661
329,1719,1793
3344,41,685
1796,1653,1797
1693,1784,1787
1522,1701,1534
598,1572,5473
1277,1564,2018
5,644,4851
1805,412,580
2876,1804,1841
1830,2939,10
1810,1814,1823
1809,62,108
4,1813,1808
60,1807,1844
1812,65,5054
1811,65,5270
1852,1809,1851
1807,1823,1826
1818,1824,2211
1894,2007,311
3425,4212,1829
1820,1815,1835
1820,1203,1204
1819,1204,1818
1822,380,419
1821,2038,3424
381,648,1807
385,652,1815
409,700,717
1923,2011,1807
1809,1828,4420
1203,1815,1819
1722,1817,1826
659,1806,2052
389,660,1835
218,666,1209
281,1834,4227
1833,670,1812
1818,1836,1838
1925,401,686
402,406,410
264,1835,1836
1985,1840,400
1849,2056,1839
1805,293,1843
1195,3469,1843
1841,1842,1854
1860,704,1535
1537,1536,1844
1810,1844,1848
661,1216,1815
1218,1807,1814
1840,1862,2081
2593,2733,215
1852,1813,89
1813,1851,707
1929,1811,1855
1855,2339,1843
1854,654,1853
1831,1835,1846
429,1232,1528
3495,363,688
4317,3610,1550
432,1535,1844
1860,433,1539
1849,2763,5352
1147,2007,1921
2792,4289,470
2049,2088,4337
2091,4079,1514
1869,1871,1931
1803,1871,1876
1255,1867,1871
4332,3441,369
1867,1869,1873
722,1936,2982
454,725,1824
1956,5473,152
1874,4017,1956
1868,2910,4897
1266,1605,1829
2286,1260,1890
3004,779,696
2060,4067,4925
1880,5215,475
5258,2402,4446
1328,4447,418
2974,3504,1865
1706,2784,3191
1342,1867,3193
1898,1906,4999
2022,2006,2046
5477,2025,4368
3575,1878,1909
1565,2004,3204
814,1384,1916
1935,2028,1564
1816,1921,1909
1896,1897,1905
483,1824,1873
1895,1896,1912
164,494,1887
1900,4409,661
1899,1824,1896
1902,1425,2197
1901,1899,2514
486,1905,1958
1626,1918,611
1373,1895,1903
2815,199,1210
2054,1908,1914
1266,2498,1905
1836,1895,1905
1915,805,1909
4057,1415,103
1838,1897,1909
1916,1975,4959
1409,1916,5424
1910,1392,2319
1913,1844,1914
1916,1846,1920
1904,4333,3427
1439,1895,1905
1856,1917,2005
3059,1863,1894
1924,1927,1930
500,1826,1925
820,1922,1927
1836,1923,2116
823,1933,1949
1937,1846,1861
2734,1849,1862
1853,1940,2114
833,1922,1924
1932,1867,2015
1931,1947,143
1926,1949,2021
1550,1589,1752
1893,2028,2800
846,1872,2030
1927,525,849
510,850,2844
511,1940,1959
1939,1941,1929
1940,2003,1944
3241,1941,1949
516,1930,2127
2873,1940,1941
1950,1941,1948
2039,2421,1351
110,520,841
1939,1945,1949
522,1926,1933
1945,2040,4480
1981,1923,1937
533,1995,1999
2031,1455,1965
528,884,1955
1954,1980,1938
1874,2331,152
1956,555,1872
2000,531,1903
1939,1954,1958
1082,1959,1962
8,3643,1942
537,1959,1960
385,410,416
1998,536,1845
1968,1980,1981
3339,1971,1979
1968,1977,1633
1967,1977,540
1973,1975,574
1974,1976,3391
1972,4010,4556
1971,1976,1096
1969,1975,1983
1975,1976,1970
1969,1973,1974
3095,1885,1974
1978,1967,1968
1977,1967,1968
1977,272,1303
1955,1965,1968
1995,1468,1838
1983,3222,1987
1982,1975,1978
2503,2001,1514
1839,1976,539
180,1982,1988
1988,1982,1981
1987,1992,809
1994,3224,5452
4384,1957,3233
2018,2028,5029
1988,1993,5176
1992,5038,3047
1989,5454,1384
1981,1468,1503
1135,5046,115
2142,3674,3675
3679,3086,1536
1960,2003,4547
550,1958,2047
988,1984,2002
3112,1044,2001
1941,1965,1999
1130,1891,2002
556,1856,1920
2022,61,1888
1863,2055,4724
1859,1138,1527
2010,121,261
2009,2159,3717
1826,1923,2155
2334,2011,2365
3915,394,501
112,564,2011
1867,1931,5090
577,1869,2015
578,2015,4495
2028,585,1564
2020,4323,1603
2019,4071,1592
1933,3991,1975
1888,2006,2046
2330,3751,3763
582,2030,4139
2026,1889,1903
2025,2027,3730
2025,2026,1875
2018,585,1893
2028,2276,1642
2024,582,588
1953,2032,2033
2031,596,1995
2035,1001,2034
597,1998,2033
2033,1975,1973
599,1167,1501
2038,1173,1682
1822,2037,603
2421,1946,2893
1174,1505,1950
1871,2043,1170
1896,2043,2060
614,1509,1824
1826,2058,1923
2047,1831,2051
2659,332,1888
2000,1903,1958
1289,2049,2993
1865,2088,3031
1832,2045,2047
2003,1835,1965
1187,1506,4326
4802,4806,559
1907,3848,1942
2007,2061,3257
1840,1849,1862
2056,1840,4946
2044,2059,5210
2058,1949,2195
1880,1895,2061
1180,1863,1921
116,2154,2181
4215,2064,140
5224,148,276
2066,387,388
2065,388,387
5,184,644
1826,2080,2084
393,2229,2082
385,652,1082
2079,671,2077
2073,1206,2082
2072,641,693
2235,2076,407
1214,2162,412
2074,3453,3492
2079,282,2071
2941,137,2199
2163,2071,2077
1218,1848,2068
1849,3924,1840
2072,118,375
424,1221,2071
2169,2068,2080
429,1232,1528
4046,4906,4466
2086,2096,121
2090,733,1865
2088,2090,2091
1269,2092,3513
1866,2092,4079
2091,2090,1587
1211,1643,2088
2895,2091,464
729,2506,2093
2098,734,2087
2096,4335,2088
2096,1661,735
1636,997,1249
487,479,2161
2406,228,488
728,3633,4839
4912,264,427
1863,2765,3475
469,2206,2639
2354,536,781
2159,2109,212
2799,1493,1892
2107,3347,4168
3032,4431,4489
5391,134,483
1439,1919,2831
2705,499,2116
1929,2702,2156
382,751,1209
1925,2115,140
825,2164,503
2198,4468,3
843,1543,1570
2829,494,1928
2122,2130,2840
2126,2121,157
512,513,2125
3238,1187,1643
2123,2116,2122
2122,2869,11
516,1943,2190
517,862,2082
125,1563,2132
867,2131,2121
525,871,2130
2133,2136,2129
528,884,1954
2074,2133,2328
2133,2203,5434
2139,1959,2132
2136,2139,512
2139,2684,74
2136,2137,2138
2858,795,2859
2124,1211,1680
1997,5450,544
2145,1133,2367
3117,1663,877
2143,2144,2092
1473,3407,5049
1136,2148,2151
559,2151,2160
2165,3495,688
3706,4561,2124
2148,2160,2167
2153,706,2151
2152,3898,1697
561,1482,2062
2156,2011,2068
2155,1483,2114
564,2159,2182
210,597,2081
2107,2157,2010
2148,2151,2161
2160,2162,1141
2161,1485,2075
2079,2164,2170
566,2117,2163
2149,688,3495
2733,168,327
567,2148,2151
3093,762,822
2084,2148,2151
574,721,1145
2175,5088,574
577,2173,2175
2175,2074,2172
5092,5328,267
2171,2173,2172
2982,3705,1872
3746,2172,127
583,2179,784
1497,2112,2167
587,2181,2183
2154,2182,2062
2157,2181,2025
1496,2180,2181
2188,591,599
2148,2186,3809
2160,4172,2185
1164,2164,59
266,4179,9
2188,2191,1163
598,1165,2127
2189,599,1167
2190,538,545
758,2072,2159
359,430,523
2196,508,780
2195,3878,468
3250,20,1209
2118,2197,3
5163,137,1226
2201,3884,610
2200,3884,4
2120,634,803
2135,2200,612
2205,2206,2207
2045,2204,2206
632,1199,2105
637,2083,2204
4844,1523,1524
2210,2508,3891
2209,2509,2299
1815,2212,2214
744,1818,2211
2214,2215,447
4347,385,652
2213,2214,2246
2239,4349,1205
748,2218,2219
2219,748,1839
2218,748,2230
2228,196,391
2226,219,534
363,688,2220
3899,664,71
2227,5162,76
665,200,204
2221,2225,3913
5465,4929,5164
666,2220,565
393,2069,2220
2219,2231,2235
2230,243,2228
226,261,411
400,683,2348
684,2220,2239
2074,407,621
376,402,1529
2242,5450,4560
360,5329,76
763,264,1838
737,3555,126
689,1531,2243
2237,256,285
270,1531,2241
2245,2248,3473
2244,3154,704
767,2215,2248
418,711,2949
2244,1218,1848
2234,2248,4203
2211,2214,1851
2270,4357,720
746,4354,4928
424,1221,2083
359,2234,7
2285,2288,4358
131,1225,2262
2259,2260,49
2267,2751,3935
1226,2258,1249
2261,2257,2946
2260,3872,75
1229,2256,2265
2264,5347,5348
2263,5348,5347
768,2256,2262
2268,4359,429
431,2258,2760
2266,2269,1292
769,2268,5379
2271,2251,2272
2270,1702,2251
2270,2271,1538
1549,5356,3618
5380,1871,2262
1564,5365,2276
1565,2029,2275
4934,2212,2266
1275,3558,1089
2280,4365,454
2279,1874,2331
5246,1583,4299
2265,2279,768
1858,2222,2279
317,4589,776
4939,5381,2255
1878,751,2991
462,464,980
2266,2277,2289
2288,2290,2291
2234,2256,2288
4943,5383,2288
2299,2355,2621
2288,2289,2290
2295,2296,2293
2296,2294,2293
2295,2294,2259
2288,2289,2290
2312,5483,2274
1692,2292,2978
2311,2316,2318
2309,2317,4138
2264,2792,2824
4954,4405,2275
2306,2307,2521
1222,1277,1935
2307,1566,2303
2306,2304,1566
320,369,496
2301,2317,2802
787,483,1896
133,1370,2216
2298,2629,3141
4986,1374,1906
753,1906,2030
2323,2386,3588
791,4372,5390
1909,2291,2301
4963,2300,2311
2321,2320,2322
2321,2319,2322
2319,2320,2396
2320,1431,4693
2315,1917,2246
1567,494,546
2839,4341,2332
2354,3073,798
528,884,1954
4389,4519,539
5398,2327,2332
4524,4523,2023
1956,4348,152
2327,2329,5400
904,1459,2329
2365,2012,4537
1680,2093,2141
1052,1975,2326
3081,1077,1464
2348,898,1466
1854,2347,3230
534,1081,2855
796,2342,4379
1088,2329,2333
3692,688,2222
2345,2346,2348
2344,3352,3355
4964,541,1095
4915,2339,2357
542,1681,2233
2351,2362,5449
3095,1972,1976
2349,2362,4966
2353,675,4595
2352,3673,676
2106,2326,1108
3677,4383,1112
3671,1433,3056
2355,2347,3670
2354,4387,1470
3104,553,2248
550,2000,3687
2003,3364,3688
2349,2351,3114
2365,2362,2364
2365,2357,2362
2334,2363,2364
1132,3373,4970
1133,2871,3386
2370,4392,552
1976,2367,5397
554,2368,3406
620,2225,2377
2373,609,2374
2372,2384,2082
2204,2216,2311
2376,2374,2378
2379,2375,3866
5127,4731,604
2379,181,2374
2376,2380,2378
108,2379,952
4196,5128,2382
3254,2381,4144
620,2225,2249
4986,199,1210
201,2384,2389
339,2315,2390
1188,2390,340
2876,693,1512
779,2385,627
2386,2387,2392
4970,391,2220
2386,2390,4397
3206,2,1478
2395,673,1157
4847,4950,4840
2321,2319,2320
0,1,2
3197,4134,5266
736,1144,4273
2401,2475,5271
1229,2400,1225
1284,1289,2404
4576,828,1323
2405,2402,742
2404,1288,1658
2101,228,488
2408,1370,1465
2407,1355,1383
2623,3016,4137
2108,2457,2626
1366,1908,2414
2413,2447,1659
2412,2448,2159
2411,2412,1343
483,1896,2310
2769,2557,148
1274,2421,2789
2684,508,2241
1590,2421,149
894,2422,3650
2422,2039,2417
2421,2420,1514
2427,1206,118
2427,2425,2426
2426,2429,2443
2425,2424,2427
2423,2932,2424
2515,2621,124
2808,2613,2425
2578,2978,149
2432,2434,2565
2431,2607,914
2480,1461,1604
2431,927,2427
2437,928,2436
2435,2437,3428
2435,2446,225
3482,2442,3478
932,1084,166
1612,102,2580
2451,2439,2440
949,2455,955
954,242,2425
4422,1775,2443
4424,956,1613
2437,138,1781
2448,2412,39
2447,2413,2446
958,1418,2454
3674,3675,4098
965,1299,1784
1785,2453,4064
2452,123,2451
251,2449,3828
2442,3117,1616
2449,3844,184
485,2520,2523
2567,2465,2568
3585,460,619
882,2461,994
2460,31,195
32,2461,2460
1249,2464,2465
983,1739,2463
1740,2458,2463
437,904,1619
1083,34,959
1251,721,1145
1725,2468,2470
1550,2468,2507
2518,2519,2555
1255,2475,2564
2474,1296,2460
2473,1296,1295
2313,2472,2400
2478,2592,1252
2481,2478,2613
2476,2477,2516
1358,1357,2511
2433,2911,2481
2477,2613,1352
1385,1414,1417
2514,73,1365
1466,3370,194
2486,1253,1629
2485,2552,1629
2488,2489,2514
2487,2421,2422
2487,2519,2529
2512,2514,2531
2612,99,1313
2542,2493,2521
2517,2530,2535
2506,107,2493
2524,991,1356
992,1357,2500
2577,1791,2495
1266,1908,2411
2503,2477,2526
2496,2460,2501
996,2500,2551
1000,5177,1981
1984,2499,2526
2616,2583,112
4724,2007,2548
2494,2095,217
129,2461,2470
2513,2209,2512
2210,2508,2513
2599,5375,1639
877,2512,2571
2511,2508,2513
2508,1750,2512
2515,1160,2483
2516,2428,2514
2515,2478,2426
2493,2530,2535
2519,2555,1629
2518,2529,2471
2817,3587,4433
2622,2903,2492
2493,2517,2530
2457,2520,2524
1374,2495,396
2413,2461,2511
2503,2477,2499
1023,1513,2339
2553,2471,2522
1645,2519,2489
2535,2493,2517
2530,2608,2512
2537,288,466
2534,3201,4406
1026,2533,303
2530,291,2493
2477,2547,2613
292,2532,2555
2542,4637,2540
2499,2536,2547
2550,2538,2542
2554,1425,2542
1032,2541,2545
4607,2539,2541
2564,2472,2514
1428,2541,2542
1034,2547,4747
1035,2536,2546
1037,2545,3278
1038,1326,3279
2551,2540,2548
2550,1769,2501
2553,2624,809
2552,1039,2528
310,1628,2541
1648,2518,2537
2569,1043,2542
2558,2580,2586
2557,2559,2569
2558,2566,2512
2501,2585,2416
2562,2563,2575
2561,2563,2579
2561,3178,1589
1050,2544,2565
2567,2431,2564
2559,2567,1288
1789,2458,2565
2605,326,2598
2573,2556,2571
2574,2577,1128
2511,2569,2582
2571,2585,2581
2569,2574,2496
2573,2587,2575
2496,2574,2561
2577,2512,2559
2497,1791,2576
2430,2590,2470
2562,1653,2511
2586,1695,1792
2568,3322,1072
2583,2569,2571
2582,2569,2571
2569,2571,2582
2549,2568,2572
2580,2557,2573
2574,2496,2511
2576,2577,2582
2590,2592,1694
2589,214,2515
3315,212,344
2476,2589,2590
2592,2595,215
2565,2566,2567
2485,2593,2596
2549,3779,1060
2464,2595,2548
2568,5126,2549
1698,2510,2532
5223,2603,2508
5225,2602,351
2601,5232,2612
2526,2613,2499
2608,2609,93
2568,1071,2613
2604,2605,94
5185,96,1440
2531,2604,2609
2604,2608,2607
1694,2515,2546
2610,2144,2511
5287,2491,99
2429,2477,2481
1908,2411,2532
1718,4129,1424
359,1135,2521
2618,599,1167
2617,126,2033
4094,3545,3819
2621,2592,2428
2620,2428,2592
2521,2713,4224
139,2409,478
1316,2552,5277
5009,308,311
1917,2323,2628
4668,4663,2576
2626,477,493
2312,3141,4305
3417,3895,560
1205,2216,2633
201,1834,2922
398,681,1528
683,690,2930
2631,2633,2740
1224,2084,2631
160,1830,2638
2966,428,1231
469,2105,2781
2641,553,1871
2640,1707,3001
2643,2651,3061
1455,1953,2642
2645,880,79
2644,3634,880
883,3637,794
5400,155,455
2650,2649,340
2648,5044,999
2648,1130,1096
557,2642,2643
607,2661,375
337,1635,2915
3125,2975,3133
609,2372,2643
2666,2198,2398
617,155,612
618,1511,2881
2046,332,4223
5129,3363,339
200,620,2652
4314,5179,2659
1504,5117,339
627,2519,2389
1517,3135,4200
2656,2667,2060
2666,4921,3867
2661,352,620
2670,2173,2692
1257,2669,3507
4334,423,547
1268,1291,1464
7,523,1183
2794,3569,4401
2682,132,481
2677,1899,2400
2676,2684,788
4449,483,1896
2678,3583,4449
2102,3011,732
2682,2685,4453
486,1903,2675
2090,2476,2504
2138,2418,2677
2681,2682,4146
2682,2685,3913
3049,477,544
2690,2694,1917
633,813,1438
493,812,2688
2692,2693,439
2691,198,1871
2690,2691,2694
2688,2697,5181
2697,2698,2696
510,850,873
2694,2695,2698
2695,2697,3245
52,892,3247
2710,640,2705
2728,655,2700
1929,2114,2233
3597,1807,2704
496,4459,369
2113,2707,2713
2724,2730,2734
2705,2743,2748
1922,378,2700
381,648,1823
2700,2711,2712
500,1923,1826
657,1208,2710
196,391,2220
2715,162,189
2714,38,88
3601,2703,2709
379,392,1634
669,1537,2730
820,1924,2712
1570,832,886
65,254,318
1641,2723,761
402,2722,2728
2730,2744,3605
823,1926,285
503,2762,704
2730,3607,1218
2723,402,2701
3478,3482,121
2734,713,2724
2951,2730,2788
3155,413,642
2166,168,327
1928,2730,2782
2737,3623,2736
4462,1219,2730
2883,619,2735
551,201,666
1587,1812,2606
833,1930,2741
1220,2740,5469
2744,2706,2724
834,2707,2748
2742,2724,2730
3492,745,1207
2747,2702,2743
10,2746,87
2707,2743,504
3614,1225,2256
2987,3409,4560
2258,3935,2760
1228,2749,2755
386,1230,1527
888,1527,2761
505,2749,2752
835,2758,428
2265,2719,2749
1530,2756,2759
2758,2760,430
431,2267,2751
3616,721,1534
432,1535,1860
1862,5352,1567
2270,2761,5353
1863,2104,2773
2780,2781,2799
444,2708,2781
2769,2824,1582
2416,2768,1229
1262,1295,2775
4008,2808,2979
1694,3179,124
3617,1648,2765
2779,2756,2758
507,461,1624
4707,462,460
2775,2778,507
508,2777,2780
4330,2774,2778
2762,468,2726
2766,2780,469
471,2734,2829
2784,839,1588
839,1706,1885
2272,2764,2783
4,4624,1809
4024,180,1385
2789,2731,2790
1274,2788,2790
2789,2788,2824
2792,561,2319
2826,2791,1864
2805,721,1287
840,2674,2704
132,481,2675
2797,2802,2811
2796,2799,2802
2805,4534,1558
2108,2766,2797
1935,3621,4469
4407,446,1565
145,2309,2709
786,2804,2805
2832,5189,2728
2793,2798,851
845,2710,2810
2809,85,1606
2429,1352,2613
2807,843,1908
2712,2806,2819
2813,2814,1373
2814,5276,2811
2811,2814,2812
2812,2815,2811
1906,2814,199
202,281,1407
2520,2794,2811
144,2774,2813
848,2810,4471
2821,1673,1948
2820,2702,2812
1916,2726,2780
1845,2813,2822
2826,2825,2569
2824,2826,2731
2824,2825,2792
2789,2826,4896
2829,2830,493
2120,494,2734
590,423,547
146,2833,1439
2804,2870,2728
2784,2814,2831
1445,4240,722
2834,2686,2815
2705,2749,2837
2752,2836,2838
2756,2836,2837
2325,2848,2861
2874,5296,2851
2875,3093,1670
151,1463,2727
5297,5219,1352
510,850,1938
2844,2871,2873
3108,63,679
2868,3618,375
1892,1994,2766
2853,1455,1953
2851,908,2849
2840,2850,5110
2870,2337,2728
158,2849,2884
2733,1034,159
534,1081,2340
513,535,1465
2855,2856,511
2859,2140,2862
2858,2140,2862
1092,2836,2866
4545,5448,696
853,2858,1469
544,2778,2862
3622,4477,1470
422,2734,2782
160,859,2836
4568,1230,2845
549,2847,2853
2126,2871,1472
2832,2852,3243
1133,2367,2784
516,1943,2127
1944,2871,3691
2840,4185,2875
4186,2841,2874
1805,1512,2388
2878,1507,2704
2877,1507,2704
379,2717,1634
3625,3252,2986
618,1511,2658
2812,2814,2883
2737,619,3846
2853,2868,3626
1185,3852,4801
2738,627,2061
2888,2932,2941
2887,50,702
2899,374,2705
2914,392,2916
116,2427,2887
2930,5060,2895
124,2039,2421
2895,2921,2935
2894,2094,2892
4412,2918,4411
4413,1366,2892
168,327,2733
2889,2901,2902
2074,2235,2899
1815,2211,2899
2062,2899,2901
2521,2622,2904
3112,321,678
324,213,1425
2908,2245,3070
2960,2908,1853
3039,1855,2906
381,648,1823
2909,2950,3021
2480,3022,1368
2922,2156,2933
2902,2925,2964
2916,392,1206
1635,129,226
2914,199,1210
2916,2921,3095
2896,106,195
278,650,2552
2903,2682,2887
396,2916,199
208,661,706
3033,2007,2944
4276,395,2923
218,2913,2957
671,2071,2719
5,644,1803
256,2929,2949
256,2928,4282
2931,403,2634
685,2930,2933
2427,2887,262
2931,675,3097
404,1213,2942
415,692,2630
693,268,272
408,694,2936
696,3004,265
1211,1806,2141
280,262,270
2078,2887,1394
289,2934,2943
2942,3005,3049
311,2945,3006
3470,3050,2944
1536,2954,1537
2946,2951,3142
2950,2970,315
418,711,2247
1218,1848,2080
102,2731,5339
774,2951,2972
419,420,2943
2734,2946,3137
3160,680,1863
3035,2980,3333
2925,424,1221
424,1221,2083
2927,2909,2910
2907,1853,2702
425,904,1459
1627,4343,572
2974,3008,1229
2966,428,1231
2760,431,2258
2638,2964,428
2968,1223,1656
2967,2887,2965
3617,3947,5087
433,1539,1861
2972,2973,2996
2971,4883,2973
2971,2996,2972
2963,3008,3504
2977,2974,3133
1252,1445,1877
2975,1865,2974
1252,2299,2979
1352,1552,1556
2956,2975,3035
2970,2985,1932
2176,1872,2965
2984,2990,4530
456,2983,458
459,2970,2981
4039,1599,2880
2750,2986,3409
2990,2774,2984
102,2951,2990
2983,2988,3004
1878,2286,2914
179,461,1624
1289,3008,733
3106,3516,4290
2992,179,2966
2973,2971,2997
2996,2971,3521
2999,3004,735
3004,2998,3001
3002,3011,2291
402,2999,3000
1602,3000,5252
3012,3535,1551
1879,2938,2999
2778,2943,3049
3466,3007,2944
3467,1688,3006
2993,2963,2974
3010,342,449
3009,2994,342
3000,734,2955
3003,3011,1576
103,3815,5110
3015,103,2887
3014,3042,4265
4137,2371,2409
3054,3070,1913
1564,1893,2800
1604,3591,5265
3021,3024,3025
4485,1895,2910
3023,2911,1368
3022,4524,3037
3020,3021,3025
483,1896,2310
1348,3036,3028
484,3052,3028
3027,3053,484
486,1903,2682
1373,1905,2811
2049,2088,2788
4431,200,2110
2955,3036,3037
818,3035,3063
2956,3034,2980
81,3037,3086
3036,3033,2489
3043,3039,2338
2908,3038,3760
3041,533,2995
1369,1908,3030
806,3045,180
1681,2348,3038
784,492,702
1313,1385,3031
3143,3037,1392
1993,1396,1431
139,2544,2622
2687,2943,3005
2945,3051,3052
3050,3052,3053
84,3027,3050
1353,3052,3028
3017,3073,1916
4634,1425,3074
1433,4710,66
5167,5168,5169
1920,4442,181
1921,3074,2955
2838,2913,2964
2642,4158,4503
3063,3021,3072
3062,818,3034
873,1450,2844
3066,874,3094
3065,3104,3068
3320,5021,1083
2143,3065,3066
3349,924,1323
1975,2336,3017
3236,186,2897
3016,3062,3065
2326,3054,3102
3059,3682,3033
3072,3817,891
3077,3089,3117
3076,727,913
2928,256,866
4780,5014,551
1061,3023,3081
3083,2337,1077
3086,3109,3036
1464,3081,1077
3088,956,1028
1057,3238,3636
3036,1998,2946
3115,3088,4488
3087,3103,3080
1453,3076,3117
1959,2136,3091
3060,3090,3219
3097,3337,1982
2841,1670,2168
540,1094,1968
1976,2369,2917
2965,2760,979
3092,2933,1982
1112,2355,2936
1107,3132,3078
492,3082,3093
544,2863,2943
3073,1108,2354
1109,3088,3102
2359,3066,3097
546,3360,210
1607,3237,2994
62,3108,1179
3107,63,3062
3082,1451,3105
1116,5455,3072
183,1119,1124
2002,1044,2904
3068,541,625
2362,4181,267
3087,4552,5484
3118,1472,2869
3076,3089,3489
3116,3062,3108
4758,619,1114
606,2889,3121
609,2372,2655
3123,3124,2060
3122,3124,617
168,327,2166
2654,3133,3134
539,621,3127
3126,2998,3257
5155,3129,3042
808,3128,2941
187,1196,2058
421,831,596
3133,3099,3134
3134,2975,3132
3133,3125,3564
1517,2665,3054
2950,3041,3137
634,2954,5217
636,1113,3106
67,2922,3008
2957,265,638
2629,4305,2298
4326,2396,3143
2946,3046,3142
2949,2953,3087
1815,2211,2901
3158,3176,146
381,648,1823
1826,2068,2711
402,655,1828
4492,671,2071
678,2920,116
272,1146,3158
274,542,695
2245,1524,704
3237,3156,718
3926,3155,3335
3156,3543,3926
3146,3176,679
340,2731,3160
2955,680,1863
1219,2736,1566
350,661,1847
355,2613,3270
2272,3146,3154
429,1232,1528
3167,1529,3165
1529,3166,5471
433,1539,1861
3171,30,3170
3171,2299,3169
3169,3170,5186
1246,2696,3200
1248,3199,4057
1255,1869,3982
1868,3174,3218
3158,4018,3152
1575,3987,4303
1589,2563,4024
2772,3176,124
1563,2293,5487
3182,3183,1564
3181,786,2803
1567,1862,2763
3183,782,3174
4328,1303,699
4326,1643,2093
468,2780,3168
3168,3187,3196
4113,5442,2334
733,2487,340
1706,1885,2784
3216,1712,3225
3194,1342,1886
3193,1342,1886
1317,1684,3440
3168,3187,3188
3200,2398,3203
3197,4990,5404
3173,214,1351
3197,3574,1890
1564,1893,2800
3179,3201,2772
1373,1905,2811
669,1565,1891
3203,3204,216
2393,813,2550
3210,3220,3229
3230,1618,3062
219,526,1600
2132,3207,3220
3212,3228,3234
3211,3236,1111
3214,1154,1461
1462,3213,1590
532,3203,3228
3192,3204,3225
987,1016,1017
3175,3208,3230
3091,3240,4540
3221,1965,3207
1468,1981,3220
1982,6,1983
3349,954,817
1989,5452,5454
3227,4553,3226
4554,3225,3227
3225,4555,3226
3211,1469,2351
2697,3231,1470
3663,3208,4625
3215,3228,3229
534,2221,2334
222,858,4956
3108,3158,3197
3230,3234,4507
3071,3212,3234
3106,3155,1607
2124,3085,3142
3382,5432,5168
3219,550,1119
1942,5044,202
3243,2870,553
2870,3242,3689
1240,2986,4039
2698,4497,552
171,2330,3079
224,5383,4537
836,3249,835
3248,4753,5187
2197,4745,4045
1510,3252,4985
2880,3625,2986
2975,4786,2396
2382,2093,3186
1192,3856,3256
3255,4805,276
1180,2061,3160
632,1199,2206
1514,2598,3551
2984,3219,220
4500,3262,849
4156,4502,398
419,3479,418
3265,333,1069
3264,3351,1070
2325,2337,2839
4736,1568,2517
3269,890,1009
4737,78,3268
3839,3163,954
3063,892,893
3074,19,311
1020,4079,3279
1310,4080,4328
3672,4330,981
16,1316,2624
4625,4635,4642
1037,18,2548
1038,1326,2549
1044,321,561
3745,217,1187
3283,3284,1244
3282,3322,3156
3282,718,929
3286,27,45
3285,4506,2471
1189,39,1190
428,660,835
850,510,840
65,1133,4504
3292,70,3307
3291,2139,70
88,898,2338
3295,2135,2410
3294,3298,875
1262,3298,3304
1558,1766,1789
3300,875,991
3300,4763,3301
3299,3298,3301
2654,3299,3300
3298,3379,3300
4615,4717,1103
3296,4177,113
527,879,4517
5014,361,424
528,884,1954
1606,917,85
3311,3407,4538
3363,3311,549
532,3215,3310
5483,1074,2298
5179,3324,3106
2852,2337,2647
2591,3087,3313
777,2754,3327
3385,3509,1478
1703,4587,979
3320,3323,1676
1083,3067,3323
3322,3323,1097
3321,3335,3926
3321,3320,2092
3313,3334,929
957,245,231
926,1992,2448
3328,958,4798
959,3327,236
965,4799,1299
254,3367,87
3335,3645,4446
3548,281,345
2956,3035,3331
3335,3324,3665
3156,3331,3334
1965,3220,3262
3092,3384,1982
3914,268,4698
1966,2037,2209
684,763,764
781,3340,258
539,3343,1096
1574,3342,276
1350,3751,1797
540,1094,1968
3347,3354,3358
3348,3350,3346
3347,3350,3346
3223,3069,3353
3347,3348,3338
3352,5036,5037
3351,2345,3353
976,941,3349
3355,3346,3356
3356,1154,3354
3355,1590,3354
261,2009,3089
3346,3340,4385
3010,3370,3376
546,3105,210
97,778,1747
1500,4968,1115
549,3310,2868
2003,2361,3365
5482,3364,1128
4938,3274,5483
632,1199,2206
571,505,569
3389,437,904
3376,342,1466
1120,634,1998
3374,3377,3379
2366,3375,4183
3379,615,3371
3373,3380,4183
3370,3394,2855
3372,3374,3379
1127,3098,353
3374,3302,3371
3375,1123,288
3372,3379,3380
3239,5168,3373
5204,1131,1476
3337,350,2840
1702,3317,3386
1133,2367,2871
3390,3396,3398
3389,3391,3392
3388,3400,437
3399,3387,3393
3392,3397,3402
3391,3397,3402
3388,3390,3391
3376,3388,3389
2144,585,1091
3387,3393,3397
3391,3392,3388
3400,5169,353
3390,3401,3391
3389,3398,97
3399,3398,3400
3403,3391,3392
3402,1521,1711
362,3311,3345
4835,5417,555
554,2370,3305
1473,2146,5049
1096,3690,2524
5450,2750,2987
556,2005,3294
3,288,581
3304,3317,3346
5491,157,532
3494,3597,4558
369,2704,3414
3466,379,392
2630,3630,3895
60,1810,3414
374,2705,2889
4206,665,2225
118,647,3414
1815,2211,2901
3425,3599,2062
1822,3495,363
1817,3423,3438
3425,5316,5419
1904,1918,2904
1818,2212,3422
3597,382,2703
2910,3414,3421
653,3430,3942
184,3811,4222
3423,3438,3600
196,391,666
662,3451,3602
3571,412,2892
6,390,1483
3425,3439,3603
3438,212,3418
2219,3518,3700
248,1870,3440
3450,68,593
3445,5195,2072
3443,3445,3450
3443,3452,3444
2010,2161,4890
3443,3448,3451
190,3443,3447
1348,3450,687
3442,3449,3443
406,662,3414
3445,683,2074
3478,231,2076
4565,404,1213
226,261,2076
225,3464,275
3460,3693,685
3459,214,3461
214,3458,278
277,3457,3461
278,3460,3458
3464,402,1529
1840,3664,113
3462,3456,225
2943,3472,639
3006,3416,3470
3007,3466,14
296,297,3467
300,1842,3052
2945,3466,3469
5081,138,297
3473,704,1535
2244,3472,4874
1223,3470,3473
3682,311,680
3418,3438,3456
418,711,2247
3482,2729,3453
3477,419,3263
4840,104,341
3482,14,333
3478,2438,3481
3480,281,715
3485,3552,1066
3484,3155,3452
422,1537,2718
717,832,3698
720,2251,3414
411,3117,3492
2635,2740,3419
3611,3699,424
3489,2076,3453
3497,3499,3613
3414,3496,3597
2149,688,1858
3701,426,1525
4567,2755,3493
3438,3602,3603
3500,4569,429
3499,3167,3552
3615,3717,432
604,1868,3517
3657,4006,4583
2974,1884,1229
2487,5240,1578
1871,2274,3507
1257,2670,3506
441,1258,3499
3317,2285,3433
3543,4572,435
1117,3516,3742
3553,1629,2486
2090,723,975
2553,3424,4580
3620,1291,1665
4909,2994,3469
3537,3502,3639
1089,3440,3508
3499,3508,2288
1239,3953,3545
1241,1306,3453
3521,2292,3520
1261,1557,1678
107,1379,3523
3989,3526,3609
3525,4167,39
3546,2044,3523
2997,3396,3533
3531,3541,3759
1160,2975,3529
778,3540,3529
1605,3521,3797
3538,4914,1145
84,916,3052
3540,1606,3003
736,3457,3495
3517,3854,951
3817,1743,3523
3538,4338,1594
3531,3535,4085
3542,3516,5256
3544,3541,3543
3542,3157,3510
3542,3541,2296
3819,4094,2619
3443,3527,3533
3534,1671,1679
3332,3540,3565
468,2780,3187
3549,3632,469
4056,1552,3669
3484,3485,3500
3552,3484,3512
3741,3620,3633
2240,265,269
3562,766,3616
3712,3516,3725
3559,2278,3762
3558,479,487
3802,4980,157
2358,3560,3622
3556,766,1677
3564,3566,3565
3563,3565,3134
3564,3566,3563
3565,3563,3564
3563,2321,2396
2107,3433,3438
3748,2674,2794
3569,3572,1182
3436,847,1666
1921,2765,3059
3578,3586,3590
3575,3200,1890
1890,3574,3200
482,1363,3573
3593,3324,4804
1895,3021,3430
1344,2180,4889
4592,483,1896
726,887,1457
152,1874,1956
3622,3582,2679
3423,3586,3587
2459,3595,3846
4594,1373,1905
2520,2817,3569
3425,3634,3758
3652,3762,991
3573,3578,3586
3019,3320,3764
3593,1427,1431
3592,2823,3577
3588,3596,4598
1438,3477,3585
814,3594,1384
3429,2703,3414
2754,3421,3597
3423,3600,1773
3599,3601,3603
3602,2716,3597
3601,3603,502
3602,3438,3600
1774,3353,5068
864,1536,1928
1571,826,1485
2727,3597,3601
3607,2727,2728
3525,5071,109
1859,3674,832
834,2743,3491
266,370,2188
3614,3493,3616
2749,3613,3616
3501,1582,1585
2761,3617,4022
2773,2969,3616
1549,2273,2847
434,2402,2404
3515,3554,3603
1935,2800,4469
3583,2864,3683
1115,1644,2735
3628,3623,3626
2880,3252,1177
2868,2884,3601
340,4198,2648
3624,522,1949
2490,2774,2989
3417,4163,605
3632,3691,3770
3550,3631,3662
3667,3686,3554
2645,3425,3588
3761,3541,3593
3635,3085,1014
883,2646,3639
4518,3657,887
2329,3430,3578
3642,3644,3234
3640,3646,1910
3640,3643,3644
8,1961,3841
3640,3649,1591
3646,3647,1160
3645,3647,3564
3645,3646,3640
1456,3580,3639
3644,3650,892
4527,890,3658
3687,531,1958
3690,5436,3589
1082,1960,3648
1466,3653,3688
3656,1087,2341
1088,2342,3590
3638,3503,3658
3321,3650,4008
947,1099,3288
5035,256,866
1980,3454,3662
4609,3456,3632
3230,3788,907
3679,4061,3463
3669,3106,3237
3667,1058,1062
3666,3633,1061
3816,1469,2351
3551,3665,3670
3669,876,3753
298,2356,3672
3275,981,3671
3675,4097,2353
3675,2450,3610
3674,3673,2450
1108,2354,3102
2355,1112,3466
1391,3383,3677
1998,3664,3086
4610,3669,3678
3593,3665,3669
3475,3074,1110
3622,3632,3662
4176,5023,3677
1689,1148,996
1122,3633,1124
550,2000,2360
2003,2361,3364
3810,3243,3821
3652,3691,539
3690,2873,5048
5437,2343,3691
3694,3695,1160
3693,3695,1160
3696,3693,3694
3695,3698,3707
2006,3551,3604
3910,3696,3707
4613,3491,3611
1488,2744,3440
568,3496,3930
3723,718,3708
3951,3704,3709
3703,3705,3733
3773,3704,2176
3745,2150,3707
3721,3696,3698
1244,3832,3702
3703,983,1739
3784,3708,3755
1149,3778,3718
1461,3797,3717
3494,3701,3724
3984,3720,3508
3716,3788,128
3985,992,1357
4041,3712,1582
3711,4014,2656
1590,3712,3751
3714,3721,3722
3707,3798,3698
3720,3721,3706
3702,3725,3812
3713,3731,3735
3815,960,1419
1307,3707,3731
1308,3702,3708
3729,3731,3716
3744,4078,3730
3729,3728,3744
4080,1310,3728
3733,3736,466
4083,3704,3729
1492,1299,1784
3617,3738,3947
3732,3726,1146
3715,3730,3738
4108,3735,3732
3729,3740,3744
3729,3739,3744
3554,3620,3633
4109,350,1329
3744,3704,3729
3729,3743,1704
3706,2150,3281
2177,3699,3741
3754,3748,3749
580,3569,3747
581,3747,3752
3825,270,3351
3763,3719,3344
1153,3747,3749
3670,2516,3780
3747,3755,3831
3754,3774,3734
3757,3530,1154
3756,3754,881
3425,3588,3634
3529,3761,3760
4789,1186,2908
3635,3762,3541
3761,3589,3635
3751,3764,2023
3591,3763,62
818,3743,3753
3747,3749,3752
4,2786,3673
3788,3767,3230
3802,3816,3828
3769,3768,3776
593,3703,3777
3774,3773,3830
3705,3772,2176
3755,3791,3734
3782,3783,981
3962,33,819
3778,4066,3979
3777,3711,3794
3780,3980,2596
3779,3781,3819
3780,3779,64
3775,3783,3784
3782,3775,3784
3782,3775,3774
1263,1559,1012
3787,3798,3829
3786,3801,3760
3663,3715,3768
3803,3804,266
2155,3768,3776
3774,3792,1006
123,3791,2453
1750,2513,3787
3823,3795,3818
3794,3784,3823
3789,158,456
3712,1461,1605
3721,3698,3707
3797,3798,3832
3798,3801,3814
3800,3787,3818
3560,3769,3816
3804,3789,3240
3803,206,1286
3779,1007,2001
4169,595,596
120,3434,3789
3809,3811,3820
3820,3808,3810
3821,3689,3809
3808,3809,3432
3815,3723,3725
3814,1417,3808
3813,3798,3800
3725,3812,960
3668,3769,3802
3538,3771,3794
3794,3820,3823
3545,4094,2619
3809,3818,3679
3810,3818,3820
3820,3821,3809
3794,3825,3818
3823,3825,3773
3823,3740,3750
3800,3741,3804
266,2188,4617
3769,3802,3816
3830,3831,3732
3829,3732,3749
3754,3829,3804
3708,3775,3782
3800,3814,3828
3729,3744,4727
3836,2888,4510
4511,1544,3835
3860,4187,5121
4068,3841,3840
242,2443,3270
3838,3839,4422
3643,3838,3848
4730,608,2203
614,1509,2043
3856,2456,3857
618,1511,2658
619,2883,3585
67,3139,5192
2054,3841,1907
3422,3843,2060
3518,4794,5198
766,3556,3562
3856,1185,2885
5178,5253,742
3537,3855,3517
3814,3816,3854
3857,1192,3255
3856,3858,1192
3857,626,807
629,4199,3848
632,1199,2206
1224,3854,604
112,1523,3535
828,3839,4576
3866,1670,3867
3868,2426,3863
1670,3864,3869
3869,3864,2404
3865,2426,2478
3867,3866,1658
4622,406,3872
3874,3872,4620
3873,765,3870
3872,276,3870
3871,3872,3866
3876,2173,2669
3875,3887,441
460,619,2883
2196,4071,1011
4767,56,332
3879,3028,1197
3875,3876,3878
580,840,1507
3884,3885,3887
2200,3883,3885
3883,3884,3886
3885,3890,4771
1498,2833,3876
3885,1673,3882
3890,3885,3886
3886,3889,3136
2209,4189,10
559,2148,5052
1168,3899,3693
1137,5053,369
560,2630,3417
3933,3900,3929
3898,2010,69
2153,3897,664
2975,3893,3693
3925,3902,334
78,330,2478
3900,2150,3897
1480,3904,378
3914,118,647
3918,2899,3906
5061,1815,2211
12,160,162
561,1482,2154
3908,3913,4133
3698,4150,3938
562,381,648
3941,3920,5224
2226,1,2016
3338,3904,268
2013,394,3894
3917,3943,5082
2160,674,3892
3905,51,2899
401,686,1212
402,2723,1529
1141,5083,285
3923,315,417
1218,1848,2080
1849,2081,597
3900,3155,1514
3156,3335,3322
1486,2635,2740
3699,5085,424
1853,2702,2907
568,3701,426
3930,568,574
569,1490,3936
4046,1230,1526
1227,3935,3936
2258,2751,4000
3932,162,3934
3942,1229,2262
3910,3940,4030
1571,3938,3940
3866,3934,3938
3912,3934,3940
3937,3941,3950
2265,2757,3916
429,1232,1528
5086,4284,2779
1843,4098,1313
311,2969,3735
3983,4054,4118
4119,484,3955
652,3937,3941
3703,3953,1236
1238,3953,3954
1239,3520,3951
1241,4078,1306
3972,1729,4111
3959,3707,3952
3954,3956,4083
250,1243,1577
3956,3707,3953
4101,4201,4001
3945,4003,4095
3776,33,819
868,876,988
3967,3963,3953
889,3987,4116
912,909,913
982,3964,3977
3969,38,1092
3968,3970,4061
3971,3969,1133
3970,1400,1133
3955,4079,3988
1173,1238,1682
4865,200,665
742,4921,2404
3968,4074,4117
480,1201,3967
3932,3982,438
1253,3777,1254
3779,1556,3988
21,4031,4041
577,1255,1869
3948,4054,1871
3714,3933,3989
3716,2496,992
1265,1905,3956
1261,1557,1575
4304,107,890
3525,442,1981
4103,4033,4110
2021,3992,1299
4062,3991,129
3994,3997,3998
3993,3997,3998
1262,2047,3986
3997,1669,1884
3993,3998,3994
3993,3997,3994
4130,430,1421
3935,431,2258
3960,3999,4000
3956,3959,3986
4028,445,3945
3036,3959,4002
4114,1270,4288
4007,3503,4432
4006,4015,4008
4016,4070,4119
1695,1865,2088
4084,4011,1971
4010,3908,4193
1633,442,1447
1568,3794,3987
3718,4092,793
4007,4018,4022
4008,4119,4018
4016,1875,2750
1146,3176,4015
4018,64,3940
4021,4015,1271
1271,4020,4032
2761,3616,4015
1582,4031,1583
2787,4025,1313
150,4024,4086
452,4027,4030
453,4115,4026
4029,4003,4016
1276,4028,175
3938,4306,3531
4107,3981,4023
4021,4059,402
4035,4110,3990
3933,4033,4035
4033,4040,4110
1596,2934,3944
931,1313,2927
905,2172,3936
1240,2986,4322
4035,450,1280
3717,4903,3981
4044,3800,1285
4044,2989,4048
4042,3970,4043
4086,3250,4025
2086,3933,4906
4046,4123,2087
1250,1285,1316
730,4099,4910
1317,2436,3428
4021,4059,4050
4093,4114,1259
4052,728,1227
3948,3983,3808
4081,1294,1771
3551,4070,944
1911,3597,4015
1293,1583,1635
4032,4051,3941
4091,4113,4061
3664,3969,4060
3729,3992,3744
4062,4911,166
1785,2452,3972
248,4066,1668
3777,2595,3778
1880,4112,4925
4069,3838,3841
4068,3838,3839
4008,4056,3723
2020,3878,1011
55,1645,4112
1674,1675,1736
3976,4108,3735
4282,1318,3930
4077,4086,178
295,4076,296
3729,3954,4083
3273,1020,1866
3731,1310,3274
4055,4080,4079
1713,4083,4086
3733,4082,1714
1311,4010,300
3540,303,1753
304,4087,4045
4086,305,4107
16,1316,4090
4127,1717,4527
4129,4088,1718
4060,4113,4102
4551,1286,2104
3818,291,1759
2619,3545,3819
4096,1100,476
4095,4098,1320
3673,4098,2353
4096,4097,2450
468,2780,3187
4104,4087,4103
3960,1433,2356
2104,4091,4112
4104,3990,4110
4103,4105,4100
4104,1435,4712
2553,4078,4085
4031,4087,1040
3738,308,3979
1329,4110,3742
1330,4033,4109
326,2568,3955
4067,4072,4102
4060,4091,4102
4005,4052,5088
4027,453,1300
3818,4093,3965
3976,4110,4112
4337,736,2783
4008,4016,4127
4121,4122,473
4120,352,4122
96,1440,2607
4026,4047,4124
1340,4125,3707
4124,3953,4027
4129,4060,4091
1717,4089,4119
4127,1717,4089
1718,4090,2615
3999,4673,359
3144,576,1223
4136,4145,4148
3909,683,2022
3747,2398,3197
4134,1646,580
3905,4138,132
3016,2371,2409
581,3749,4139
582,2024,4138
175,1276,1806
5100,4137,5104
585,2028,1564
3354,3905,3918
5274,2382,1211
587,2180,5102
588,2685,4430
4171,4174,1493
1496,2183,4149
3590,3917,4134
262,3910,4134
589,4150,262
5283,67,3139
271,5106,4118
1498,2833,1442
591,2836,3932
3262,3944,4155
524,870,5012
4159,2642,3061
3769,4158,4165
4171,4161,537
4157,4160,4181
873,1450,2844
3630,3895,560
4155,2132,3210
2329,3639,4159
1456,3648,4165
3526,911,3831
1460,1484,2109
3806,4170,4171
596,535,1465
4160,537,1962
2186,1088,2342
3816,4181,1469
4147,4171,1470
4156,4176,1061
1463,1692,2842
1113,3304,4176
1115,5042,1500
266,2188,550
10,21,551
267,2362,3114
4181,4183,267
3373,3375,4182
598,1165,2190
2874,4186,867
2875,4185,2841
4190,3837,4132
2880,3252,4195
3841,2054,3848
4187,367,627
1169,4138,4194
1502,609,2372
3908,4011,4197
4195,4165,4191
4194,4188,3371
2381,5128,3929
4193,2045,2205
340,603,3627
602,1172,629
1173,5118,1517
3960,4101,5187
4459,4490,4626
57,2249,4275
1159,4260,4329
4224,374,2705
3420,665,2225
645,4213,4216
115,2194,3999
4207,2906,4510
1815,2211,2901
4857,4210,1816
1817,3425,4240
4346,4491,4634
4215,384,2113
140,2063,4214
4243,4635,2910
4650,4604,4521
2215,4216,4219
4658,68,1369
355,2539,4016
4350,1826,2068
184,4421,1723
61,332,2046
4639,196,391
71,98,202
2716,4207,4213
281,1485,1833
316,1591,4219
1656,2955,3158
4231,107,355
4230,1812,4232
4231,3236,4229
46,2955,3159
3159,4734,4780
4236,4219,4247
4235,663,4506
3466,4238,5209
4237,1206,2072
4357,4463,720
2834,4212,4430
2635,2740,3490
4659,4826,424
4216,4249,4635
660,4246,4563
661,4640,662
4249,4250,681
4249,4248,686
4247,402,662
4247,686,4243
4246,4249,4247
4356,713,1928
4254,4253,4260
4252,734,735
730,4252,1306
777,4256,665
4252,4350,4589
4518,4258,726
4257,2237,5450
1082,4378,4686
4252,4414,4428
4262,1541,4575
4261,1290,775
30,4757,1431
884,4286,4388
1088,4266,4476
1094,4249,4265
1095,4266,1685
4390,1685,4617
644,1138,1513
4271,4700,4273
4270,674,1140
711,4493,4711
1144,4704,1491
1150,2173,4273
1151,4203,4273
4270,4271,4712
4289,53,718
1180,680,1147
4280,4281,4285
4662,1229,2262
4663,427,4279
4075,256,426
288,466,1859
3945,4330,5086
4828,433,1539
476,3968,4264
4286,4289,551
4005,4203,4275
4287,4288,728
4304,4223,61
4290,4312,65
2765,1185,3976
4288,4292,4572
4295,4296,4297
4585,1255,1869
4294,4295,4297
1256,4281,4294
1725,1872,2982
337,727,4320
1272,1269,122
4443,4495,3766
2016,5367,458
1575,3177,3987
3988,1580,4290
4364,4307,2629
4030,1914,3531
4365,4484,4586
728,2946,4004
990,989,1621
4420,4913,3038
4312,1234,1285
4291,4311,4314
4588,461,1624
4312,2662,4291
2091,941,1671
1287,4908,4311
1859,4318,4098
3670,4315,4317
4323,1260,1286
4335,1054,4299
1319,1250,1292
1240,4039,2986
4319,1018,2019
102,4570,736
4326,4574,4324
1187,2052,3186
2997,4023,1704
3185,1310,3274
1338,4328,4815
3275,2779,3052
4285,469,2105
4626,1870,320
1918,2982,4679
2671,4399,423
1583,4320,4649
1702,1588,2271
1865,2088,4118
4122,4337,1706
1342,1886,3193
4279,4294,4331
2325,4344,367
4344,4346,4350
4348,2962,4342
4342,4341,4343
4369,764,767
4213,4342,4350
2214,4365,4481
4822,2331,4343
4350,2216,4281
4221,4342,4346
750,2219,4222
4342,4346,4350
4249,4342,4346
4353,4355,4565
4353,4354,756
4251,4398,757
2251,4239,4342
4360,4377,2255
2266,4362,4569
4295,4358,4368
4362,4363,4464
771,4359,4361
4361,4362,4831
4305,4365,4368
2279,4307,4347
4356,4362,4398
4362,4366,4589
785,1889,4360
4345,4374,4833
4587,5412,611
4594,4375,4395
791,2316,4379
1674,4299,4415
4369,4382,4455
1498,2367,2833
4512,4682,510
4381,4391,4358
4382,4387,4390
796,2341,4372
1089,2369,3518
287,4266,4353
4374,4378,4381
2355,4689,4385
1990,4385,4610
4383,443,3340
4382,4383,1109
4378,4382,4390
4389,1116,2327
2328,4388,4366
4268,4378,4382
4357,4377,4381
2368,4377,4379
1944,2367,2873
4275,4360,4368
1495,4371,4433
1502,2372,4192
4390,2392,4387
4356,634,3137
4334,4398,4748
4242,4358,4457
4674,2674,2794
288,4468,2301
171,1237,1271
4431,2314,3200
4406,2303,4408
4469,1564,1893
1565,2801,1638
4405,4427,300
1899,4408,3355
3033,3160,2827
4412,2412,2896
4411,2896,2413
1366,2897,4423
5278,4260,4415
4414,5279,4254
484,2818,3027
3024,4401,4433
4424,155,455
1898,2833,4154
4310,1827,4425
4222,4424,184
2444,4423,952
186,4424,4422
2445,4421,4423
4678,302,809
4607,4425,2543
4408,4430,4433
4260,4414,4429
4428,663,973
4679,4835,2685
3032,200,2110
808,4006,4420
2520,2817,3587
4372,4454,4471
4680,134,4427
4274,4415,1909
494,1536,1898
4439,4474,4598
4599,4771,493
4441,4233,4425
4652,1352,1671
1920,3058,4340
4301,4402,4439
4648,1692,4311
4304,616,890
2402,3331,5258
4711,1883,4493
4452,4453,4454
2678,4456,4592
4449,4451,2678
4449,4450,1822
4448,4453,4454
2681,4427,4448
4372,4434,4448
4374,4596,1383
4449,614,1509
4242,4400,4448
4271,1684,3195
496,2704,4202
4281,4349,4461
820,1924,2719
2736,1219,864
4239,4357,4465
290,4361,4666
2764,4328,4463
519,2086,4046
4468,3640,145
2118,4402,4467
1935,2800,3621
4452,4460,4471
848,2819,4372
4473,4794,1089
4472,4794,1089
4602,4438,4470
2838,1582,273
4265,157,852
2864,3622,4387
516,1943,2127
4460,4470,4773
1950,4242,4400
4347,4484,4637
4645,2437,225
4600,285,701
4307,4365,4481
3021,4222,4421
182,4487,1455
4721,794,883
538,3087,3115
4725,2110,2661
4202,4459,4626
4213,4346,4634
3150,4461,4501
4272,418,711
4567,4661,505
4621,578,2017
4676,842,2693
2698,3245,4392
193,4606,4692
4503,4538,4557
3261,4501,4502
4461,4492,4500
4518,3262,4156
2642,3061,4158
4393,4506,1133
4243,4450,4507
2845,3286,4236
4508,180,644
4507,4570,2840
4571,4508,676
216,814,3630
3836,488,1544
4376,4682,873
4514,4518,5014
4513,4515,4518
4514,4546,2848
3383,4644,4537
4603,527,879
3638,4502,4257
2328,4389,539
4528,2329,3639
899,4520,4217
528,884,1954
4524,822,2330
3023,4523,5305
4520,898,4264
4507,5225,1125
4089,1717,3650
4520,4090,1718
904,1459,2333
905,1600,2983
4530,4536,4392
4530,4534,903
3233,4333,4534
4535,4533,2798
4534,2798,3400
4537,4531,4533
1594,3247,4536
4539,4540,3309
2853,4430,4538
4608,3091,3219
953,4440,4655
3800,4381,4589
4266,4381,4690
542,274,2348
2861,5448,4544
4382,4609,3662
1999,4517,4549
550,2000,2360
4501,4547,4550
2003,2361,3364
4092,549,1128
3115,5484,4488
3225,4555,4554
3226,4553,4555
3227,4553,4554
1971,1075,1441
4392,4478,4497
3414,4562,4564
136,1139,4288
2750,2237,4558
2150,4820,3706
4342,4558,4564
3433,4244,4593
4249,4353,4558
3454,4354,4564
4564,4565,4646
3497,4494,4569
4567,4569,4664
3499,4359,4567
4324,4508,4574
4572,4573,4509
4571,4573,1686
4571,4572,4570
4578,4325,4570
4577,4570,4574
2403,3863,828
4575,4570,4574
4574,4570,4575
4580,4570,4581
4579,3461,4581
3323,4291,4312
4579,4581,4580
650,809,4007
3496,4447,4585
4295,4588,4584
4307,4365,4484
1521,4370,722
4313,4585,4818
76,2291,4256
4675,3569,3596
4375,4402,4468
3580,4449,4586
4594,3584,4427
3586,4371,4593
4592,4596,4597
4374,4455,4595
4152,4595,4596
4599,4602,3594
4439,4594,4598
823,1926,2725
235,4466,4588
4474,4598,4596
4517,253,527
4610,4217,4650
4539,4594,4612
2338,3635,3652
2543,4426,1057
4540,3091,3219
3662,4382,4546
4604,3680,3665
4609,3683,4387
267,515,2362
3699,4595,4614
569,1490,3614
4717,588,1515
5462,3754,4395
3827,4268,4390
4550,4564,4565
4242,4400,4457
3871,4249,4353
4495,4323,578
3870,4620,55
4643,4659,4625
4,2786,1809
4635,4642,4851
4202,4459,4490
2980,3902,4631
4676,4730,4207
4634,4635,4644
4699,4629,199
4697,4632,4652
4631,4643,4680
4247,4632,4644
4213,4346,4491
4625,4642,4216
4626,4635,4637
4347,4481,4635
4823,657,1208
4224,2622,4640
4245,4639,4673
244,1,79
4625,4635,4646
4632,4644,4645
4647,4249,4353
4482,4643,4644
4566,4625,4635
4644,4646,699
1692,4656,4444
4335,411,3489
4217,4604,4649
4652,4631,4632
4441,3155,4290
4654,1353,4652
4653,4652,1353
281,827,1160
4658,4648,4657
4656,4658,4648
4656,4219,4648
4242,4623,4643
3936,4344,4659
4494,4567,4662
4280,4661,4663
4704,4281,4661
4568,4663,4667
4662,4666,4667
4361,4464,4665
4362,4665,4666
4663,2627,4297
4666,4668,4688
4644,4665,4666
4670,3826,4646
1537,5373,4670
4130,5046,115
4675,4401,4626
4674,4401,4590
4496,4628,4730
4449,4592,4637
4425,278,302
4717,4430,4835
4632,4435,4643
4836,4711,1438
4376,4512,4626
4716,4679,4682
319,866,4483
4690,4694,5027
4687,5031,4259
4686,4688,2857
4687,4379,4669
4383,4629,4690
4691,4266,4381
4690,4693,4266
4690,4693,4691
4691,4690,4692
4391,4685,4690
585,2018,2028
4695,115,1996
4631,5062,4103
4699,268,3338
4698,4630,199
4270,4702,4718
4648,4698,5059
4700,4697,4704
4699,4701,1488
4273,4663,1144
1226,2259,3938
2175,4274,4363
4708,2776,4698
4707,4698,4699
5092,1680,2506
1433,3056,66
4272,4447,4681
1435,4105,4276
4714,4715,4719
4713,4715,4719
4713,4714,4719
4683,4717,4615
4615,4679,4723
4719,4700,5103
4713,4714,4715
4713,4714,4715
4715,4487,4634
1647,4166,4637
4717,4698,4539
2007,2505,1327
4489,4698,4731
541,4133,4188
3834,2550,1714
334,4729,4733
4734,4660,4728
4628,4676,3842
5127,2377,4625
4779,4548,4631
4728,1948,2378
4729,4660,4691
4635,4334,4625
3267,4817,4737
3269,78,4736
4774,2932,4739
4738,1602,3002
4777,4769,4736
1085,1086,2876
1307,3726,4738
2020,1019,1018
3380,4283,4740
304,1425,2541
4745,1689,3382
1034,2546,3124
4399,604,4334
18,329,1058
4785,4742,612
4826,4744,4775
4753,1724,3772
4757,29,4752
4753,4755,4756
4756,4757,981
4755,1733,4753
4755,4753,4754
3119,4759,619
1507,2877,4202
621,4727,4804
4801,1178,1508
608,1356,3298
3299,4802,4764
1560,4763,1559
5310,803,2882
4767,337,338
3879,4755,4766
881,1242,1443
4771,3885,4438
4625,180,1385
3886,4439,4599
4762,1180,4278
4479,2204,2374
4738,4775,4841
4776,4774,4839
4775,2218,2880
4740,917,4769
920,4776,4777
4732,2045,2205
3079,551,4234
4809,4793,4783
3379,4316,5201
4371,4781,4318
4785,4794,4236
4784,4750,4794
463,3253,4570
3254,4326,4709
4789,4793,1608
3760,4788,1186
2935,3532,4568
4789,3541,3542
3551,4056,944
1771,4329,4781
4784,5198,4472
949,2442,4335
243,4424,4794
4609,4794,4798
3327,3855,4797
3329,965,1299
4799,4809,4795
4803,1185,2885
2053,4763,4806
4801,5206,4804
4803,4805,4767
3256,4803,4804
2053,4802,2011
4808,3396,4799
4807,4809,1187
4781,4793,966
4046,4466,691
4812,266,2188
4811,3382,4810
4805,1194,4328
4815,271,4153
4814,4329,4720
4067,4317,4737
291,2535,4093
4588,4817,283
4820,3134,4764
4819,4561,1030
1193,4631,2002
4348,152,388
4638,657,1208
4244,4563,4826
5330,140,264
361,4242,4659
4359,4569,4828
4285,4827,4831
4366,4568,4664
4361,4464,4666
4363,4828,4830
1520,4307,4365
4369,1493,2108
4452,4470,4823
3405,4430,4679
4681,5426,1438
5441,359,1092
4845,4259,4481
2102,4775,4776
3480,4848,4841
4842,4840,4774
4841,4840,4839
4842,4845,930
2208,959,4845
4842,4843,4838
2226,1459,2393
4848,2395,4950
4847,4840,104
4437,4668,4850
345,4651,4848
4625,4852,5
4851,5,386
204,4851,4858
4651,3695,1485
378,2708,3903
5061,1815,2211
4211,5065,4856
4634,381,648
4635,4851,2910
121,2729,3453
4636,4859,4862
4637,385,652
1826,2068,2711
4866,4927,389
200,5096,204
4928,394,3915
199,396,663
4869,5082,671
674,3917,4858
4643,4881,398
692,1978,2722
4976,821,4917
289,2942,4861
2244,3473,5335
4876,1856,4855
4875,5050,365
4880,4881,3493
426,1525,3496
1862,2763,4878
4663,427,4281
429,1232,1528
721,1534,2761
2972,4884,4885
4883,1578,2972
4883,4884,777
1544,2101,3836
4326,3706,3745
1526,2916,4906
4890,723,1272
4889,723,1272
1585,4892,1710
4891,1684,4265
454,725,1873
2219,2986,3518
1768,935,1293
1294,1319,2439
5091,184,1876
4900,4894,4897
1048,4896,1281
4898,322,1746
2429,2808,2979
4904,4910,4939
4041,325,4910
5094,461,1624
4319,4906,324
2086,4046,4466
1290,4909,729
1287,4316,4882
3516,1788,2994
730,4049,4902
3158,3176,4018
2103,4880,4663
4914,102,685
4913,1462,1590
2347,1550,1859
4917,4915,5058
4916,742,4921
4917,4919,5065
1681,2348,3043
468,2780,3187
742,1324,2667
1324,4921,737
3196,4910,4920
534,2221,3189
1752,1880,4067
1863,1921,2104
4928,4864,4930
4866,4927,4957
2227,222,2366
767,2246,4927
4936,4939,4951
4973,4366,4829
4972,4976,769
4935,2277,4941
4934,2277,2297
4937,4931,4939
4936,4943,4949
3366,1310,2298
2285,4902,4927
5258,2952,774
779,4934,4935
4945,768,779
2291,4937,4949
4932,4973,4948
4942,4943,779
4944,442,3525
4913,102,736
4944,3449,4914
4937,4943,4966
780,4847,4934
4931,4936,4939
4957,4989,5099
784,583,773
2303,4967,4405
4956,4957,789
4955,4957,3233
4928,4952,4955
4935,4959,4962
4960,1913,4374
4959,4962,762
1891,2004,4962
4960,1384,4374
2318,4955,4988
2346,4941,541
4981,4967,4178
2351,4949,5402
4968,4981,5042
4967,1500,3362
4968,4967,4982
2360,2366,2391
4972,131,569
4971,4979,5088
4932,4972,4944
5090,4971,4972
2363,4095,4971
798,1493,4369
787,1494,2310
272,1303,1497
4972,4930,4971
3560,3802,4966
4965,4967,4178
4968,4981,1500
4979,4980,274
5118,798,1173
1510,2374,3251
519,2313,2384
5124,1709,2023
4963,4984,4949
4674,4952,5099
1152,605,2630
2301,4138,4402
4991,5004,4729
4991,4996,5000
5101,1906,2815
1564,1893,2800
5010,1895,3021
4677,483,1896
4996,4997,5017
1887,2880,2986
4863,4991,4993
2445,2804,2832
181,2378,2807
4955,5004,5141
4992,5003,4679
5103,1375,2316
5007,1909,2317
5006,4971,489
3738,4108,4892
2625,1420,3050
4996,1657,2830
5015,5026,5030
524,870,4157
5023,5019,369
3079,526,1221
5027,4931,4993
169,546,2081
4852,4996,4998
883,1478,2646
5020,5021,234
5019,5021,877
5019,3067,3320
1456,3648,4166
3684,346,4684
530,900,4985
542,4544,274
5027,5049,3309
4685,532,3215
4865,5027,1002
3201,4995,1991
5031,5011,5015
4686,1082,1960
538,4488,537
4688,1087,2341
5109,5050,5110
3660,5041,256
5037,913,2076
5036,1098,1190
1993,3257,3682
544,2863,3101
3097,867,1847
1114,5035,5042
4967,1115,4178
2003,2361,3364
3241,1942,2649
5049,552,1134
1135,1996,4673
553,5048,5308
2873,3691,5047
1473,2146,3407
5034,5109,908
557,2651,5011
559,2148,3892
1137,3894,5052
5065,65,1811
2151,5052,1138
4036,2012,2156
5074,1060,72
5060,4916,1485
4701,565,2172
5058,2892,5061
3906,4856,5062
4697,561,1482
1489,2760,2965
5061,5062,5065
5054,4857,5064
5067,4880,5082
5066,5082,657
5074,5076,5077
5072,283,5070
5071,5069,5072
5070,5081,5073
5069,5079,5080
5065,5074,5077
5068,5076,5057
5076,5080,5078
5068,5074,5075
5074,84,5068
5072,5075,5081
5072,5080,5081
5079,5072,5075
5071,5079,5080
4700,5067,3916
1141,3921,285
567,2167,5052
3699,3928,5066
3945,4284,4973
1147,2969,3617
4972,5089,2171
5088,575,1145
4974,2015,5115
4897,5111,5127
2174,4709,1680
5460,4711,460
4904,323,2025
5106,102,4324
4865,200,268
579,5098,4713
331,5097,1063
580,3748,4952
4141,5104,4714
4994,4699,582
587,2180,4145
4718,1496,2183
5100,1155,4141
5067,5102,5103
4153,5095,1154
2647,3770,3912
595,596,1163
5034,5110,5050
5109,5148,1160
5091,5112,3768
5111,5399,3770
267,4181,515
5053,5099,5117
5090,260,1169
1682,3801,3850
1504,5114,1495
4984,1173,4200
602,1172,3115
5085,1174,1505
5122,3837,4187
1176,5121,5129
5114,1507,2877
4987,1687,4780
609,2372,2655
2598,332,1552
4731,2377,5091
2381,4196,5043
2660,5027,5122
5129,754,1118
137,903,1515
261,1190,3834
4813,2650,3256
625,4117,3113
3095,5156,1096
342,5128,65
5124,4987,4929
5353,1520,1593
3620,4910,5089
2398,2656,3197
4955,5003,5413
5462,4616,5096
4959,5149,1753
5011,5030,5031
4869,4735,674
236,3320,3323
4608,4964,4843
5110,3563,675
5143,5044,5148
617,155,1950
1179,843,1694
5280,1798,2008
454,455,3001
209,217,1643
620,2661,3128
1133,3970,1399
519,4986,5159
1694,2610,3170
5157,5161,5162
2153,5158,5161
5159,5167,5160
5163,5165,5164
5162,5165,5164
5163,5162,5165
5163,5162,5164
462,2582,5167
3057,5168,5169
5167,3382,5164
5167,3398,5162
1627,5157,5179
5176,1130,1471
1538,1834,432
1616,949,955
1759,1724,1743
1954,5190,5196
1992,1988,1993
2502,1000,1981
5183,3853,3867
3313,2662,2046
215,5182,2055
5182,5183,2694
5181,5183,1908
5178,5181,5182
5185,5186,205
5184,1440,2607
5184,5185,205
508,2778,4201
5189,145,2802
2804,5188,2832
2836,5175,12
1649,3145,5181
5213,3847,208
1182,618,1511
1218,3607,5203
2151,3443,971
2327,5175,2363
1126,4608,5179
4794,233,1089
585,2028,3621
4156,1183,12
3379,3850,4782
4632,1474,1317
5194,1452,5151
3383,359,1135
389,2184,3346
4803,5207,260
1190,121,3351
628,5210,282
4237,118,647
2058,5211,5208
5210,5201,4818
688,2343,363
5192,5214,706
5213,707,617
818,3063,1881
156,3102,536
634,3137,4398
3501,3897,5300
5297,5233,61
649,68,141
5226,2754,3598
2062,2902,3423
2600,51,384
2064,386,3912
2601,5232,351
5221,5227,4219
5226,1718,5224
5222,389,660
1907,3848,5230
5234,5183,5229
3688,680,5235
180,5225,2602
355,5219,3163
5230,216,276
1187,2052,4326
5259,696,1204
409,700,1534
704,1535,1844
2491,3715,5240
5241,3505,5239
5240,1866,2091
277,1338,1550
5244,350,1339
4011,5222,5243
724,3840,151
2281,5227,457
1694,2589,2610
94,734,735
2289,5259,95
102,736,4324
5258,71,1254
3002,5255,353
742,4917,3853
1880,1073,1146
5252,96,1440
1441,1679,3516
729,5255,5285
2402,4446,4940
1707,5236,5249
5255,1322,2298
468,2780,3187
5240,470,1695
344,469,1563
5286,5292,477
2789,3019,3591
5298,2398,3197
1366,1809,5230
5235,1276,2150
1888,5270,355
1812,2322,1382
2301,2400,4138
4123,5271,782
1387,244,3634
4144,2382,5268
5277,5303,148
2812,803,805
2624,5265,5275
4414,5279,1713
5280,5278,4415
5279,5277,2522
5279,5280,5282
2930,5281,137
4152,5284,5291
5283,5285,1921
811,5257,5284
5264,5291,5289
2612,1385,99
1446,3052,5256
5290,5288,1916
5288,5289,1431
5283,706,4152
5283,4152,5291
2613,321,1330
1443,815,4143
2632,2841,3657
2840,4508,867
2843,5219,1352
5266,793,3234
356,4522,5223
5218,5296,5303
410,416,1963
529,4126,5280
1112,2355,3677
899,5226,1041
551,1122,4524
1120,5305,519
3231,1341,1716
553,5047,554
5303,353,1112
4765,624,3248
1513,2049,2339
118,647,3421
1481,2634,5349
5315,5463,357
357,5314,380
5338,3426,113
66,5433,74
358,5319,381
5318,358,381
4861,5321,746
385,652,1824
386,388,615
5436,199,396
212,3438,5315
5326,5330,5332
359,684,2234
5328,88,251
267,2174,2362
5369,2238,360
4825,264,1838
1532,5330,5452
405,1530,5325
273,2010,268
285,701,1215
2244,3473,4874
5337,418,711
5336,418,711
5316,713,2730
2731,2951,102
114,421,1651
5315,5324,357
5353,720,2251
1856,4875,5325
361,4826,424
362,3404,5354
2755,3497,5350
5348,2263,2264
2264,5347,2263
3945,4284,5313
4827,5351,429
5350,3166,3167
1862,2763,1567
2270,2764,5342
5345,5374,1235
1626,2258,2751
1549,2273,3618
5124,5360,5475
1255,1869,3174
4296,5346,5358
5362,5124,5358
1262,1295,1304
5360,5359,5361
4830,1257,2670
5365,2275,1564
1564,2275,5364
430,489,2277
437,3389,904
5358,5370,5410
5329,442,474
1520,4832,454
1874,5473,152
468,2780,3187
1537,4672,471
5372,469,2105
5389,5398,2510
5379,767,2246
5378,5382,5385
5377,5397,5382
769,2269,5376
2274,770,771
2285,4939,5319
5385,5377,5397
2291,4943,3247
5383,3397,5385
5382,5377,5397
5352,4367,5016
2303,4135,4952
5377,5382,5385
5375,5395,5398
791,2316,4372
787,2111,2310
4960,5393,5394
2219,2313,3820
5389,5395,139
5389,5464,5394
5401,5403,5398
5377,5382,5385
2329,5375,5389
5112,2226,5008
2332,2647,5398
5396,5398,5402
2351,4966,5398
4400,5344,5396
3198,4990,783
2301,4138,4402
4614,1295,1299
5415,5422,1627
5427,490,5405
2797,5405,5416
3020,5368,5411
483,1896,2310
1521,4370,611
5141,5414,5416
486,1903,2682
5407,1627,5414
1373,1905,2811
3405,4835,2685
2520,2817,3587
3426,494,1374
3590,4149,5405
1909,2317,5006
5407,5415,2686
4150,5405,5409
1409,1914,5334
5315,5427,1917
4836,1438,3595
5408,5426,5424
714,5432,491
5431,5432,2327
4955,5427,1918
5429,4390,5427
3239,1426,2304
5317,1433,2684
2135,5398,5445
1458,2375,2838
3652,5323,539
3692,5436,2222
1959,2136,3090
2134,2859,5436
1082,1960,3653
4837,5445,1092
1980,3661,5441
539,1096,1985
5450,2237,4379
5441,5455,528
5453,893,5445
1468,1981,3221
2861,4545,5454
2349,5451,869
5444,3409,2237
5449,1975,524
5454,1989,3224
5446,1880,2357
5452,1989,1994
1116,3110,5445
550,2000,2360
3916,5082,2160
575,570,576
5460,571,580
5093,460,563
5386,5460,568
4616,5142,5096
5314,280,798
5395,5316,262
2227,1737,2176
4723,158,182
269,3699,3928
684,2234,5326
1220,2741,362
429,1232,1528
1529,3167,1227
454,725,1873
1874,152,458
5476,468,1315
470,1325,1695
469,2105,2639
1889,4368,3020
5481,5479,5482
2868,550,1119
1120,3086,864
5482,2003,2361
3365,5481,1128
1118,1128,2298
3115,4552,538
1229,2262,2963
1676,5487,470
2293,3180,5486
803,4409,379
3585,4428,485
1375,2316,2819
3413,532,3215
5493,5030,534
535,1465,2856
